AACGT	-0.005912698717092162	0.34880998690017195	0.46615274389176053	1.353359881705325
ACGTA	-0.005575620254387191	0.5751875824744849	0.41684335891253793	0.7344021186091295
CGTAT	0.0001744016355830797	0.45871979762372384	0.8601381100429989	1.8747037142548229
GTATT	-0.0035357936988402415	0.34232604435249797	0.4532388336142126	1.334326250802891
TATTC	0.0009090804049229963	0.3170628618649026	0.582558524740088	1.8344925069874631
ATTCG	-0.0024431231794465077	0.2781944545836653	0.44994545393974217	1.6261595789039551
TTCGT	-0.0009298994064664804	0.3217995222721631	0.3029618084398798	0.9443510223403278
TCGTT	0.0019803265410191576	0.3247691968381721	0.09380164371446706	0.2827279128297416
CGTTT	0.0025662656108920053	0.3700216262902833	0.6261641299877535	1.6853011285552448
GTTTC	0.008418711286691612	0.3065673502348948	0.2117158465802357	0.6631402043882884
TTTCC	-0.004701049285926125	0.28877585799688577	0.3196135855920622	1.1230669943381688
TTCCG	-0.00388283212236692	0.2945620928935628	0.012621726694147637	0.056030830900153615
TCCGA	-0.0034666079332919685	0.28964224058968174	0.3878919852164089	1.3511792767275073
CCGAA	-0.001531669890118626	0.2866402732255575	0.4708712927942903	1.6480690496435388
CGAAA	-0.0001689496072927832	0.24126724190647697	0.3831810447336375	1.588901963282397
GAAAG	0.0007991711728352849	0.21865884400645344	-0.6789851608060519	3.1088810291104627
AAAGA	-0.003075880440563726	0.20196598663719187	-0.9378469014142758	4.628358648592242
AAGAA	-0.001188470264149267	0.18639020780812213	-0.9569472589533692	5.127730688905706
AGAAT	0.0019165045209018437	0.2353259710683685	-0.33992527703448877	1.452630918735597
GAATC	0.00033753674513932886	0.23490056879275423	-0.01694542179307191	0.0735756351167437
AATCA	-0.001745344516457976	0.2441065903889066	0.15708143189154436	0.6506451798575454
ATCAA	0.001337556150745753	0.19318604697045544	-0.1746965463601986	0.9112154074867831
TCAAA	-0.0012486372837039001	0.19572184670452078	-0.25261806911545204	1.2843197428605808
CAAAC	-0.0009947542085958383	0.3225762527473662	-0.4541666495244876	1.4048520046229345
AAACC	-0.0011332209727307832	0.2917945654965227	-0.4748191189821736	1.6233540785909109
AACCG	0.0006056840535885015	0.3612313423612254	0.32392142707552574	0.8950379026043283
ACCGA	0.00032080798018401473	0.3471085096871326	0.23130516746440194	0.6654528858782991
CGAAG	-0.004130146361516564	0.25301618167046536	0.0685643522154439	0.2873116576853555
GAAGA	9.740338626905086e-05	0.1855170724771773	-0.6392121575278065	3.4460955661788204
GAATA	-0.0010069540136676137	0.2987260047997152	0.651443538436111	2.184110127563962
AATAC	0.001662465201055953	0.3135107699195852	-0.2517151619987445	0.8081943317761977
ATACC	-0.005284394253163907	0.4346226539593348	-0.15028584872130013	0.33362608494333845
TACCG	0.0013234930623455161	0.46708537732313543	0.033160292374631264	0.06816055663044374
ACCGT	9.77060082437011e-05	0.38659623753688976	-0.030410383683077406	0.07891460580603805
CCGTG	0.0050722492525949936	0.41064370860366883	0.2908251621674371	0.6958658002736757
CGTGC	0.0003931487873243319	0.7407333123326882	0.4728598458877442	0.6378364375331607
GTGCA	-0.0034587336906392973	0.36400152724054785	0.1654313206954969	0.4639817191605528
TGCAC	0.0027217570126828188	0.3988949650006196	0.3520350632844395	0.8757024703764162
GCACT	0.002631993916114264	0.43006438088783067	0.38169503680467926	0.8814099928620506
CACTT	0.004808246894658638	0.312587503001288	-0.10128343162624537	0.33939833647305745
ACTTA	0.003163134420179185	0.5087177317613301	-0.04443032995798235	0.09355574104598045
CTTAA	-0.0017375586283769138	0.4497054506425307	-0.14835403244341078	0.32602778909072816
TTAAA	0.0011527722500713831	0.31922159447413095	-0.09644714201825966	0.3057434583306059
TAAAA	-0.0041207938145958875	0.3134287203652445	-0.1727485639401995	0.5380099498511127
AAAAT	-0.000952993675088052	0.20542565923584247	0.15050540167721135	0.737290540605811
AAATC	-0.00027564789681839625	0.23937926968939413	-0.012742448935461365	0.05207970203442942
AATCC	-0.0006177553463321417	0.30039891176748984	0.023412315823068772	0.07999386891254887
ATCCA	-0.00022778225833457421	0.2492105410614589	-0.465948913078949	1.8687858420313002
TCCAA	-0.006883996337257083	0.2061417323581083	-0.6287809574639632	3.016841636153276
CCAAG	-0.0008493509567359536	0.27095163297382446	-1.0124559321317759	3.73353195945775
CAAGA	0.001137749131383751	0.22793938838701083	-0.8336032255528973	3.662118164794764
AAGAG	0.001758124968727956	0.2476860276070719	-0.6067128041689894	2.456621937927775
AGAGT	0.00018968912116675878	0.34629983330730046	-0.5345831372978177	1.544248004140494
GAGTA	-0.005937733284317092	0.3917312379381329	0.036123367572623105	0.10737234303377922
AGTAT	-0.003827804311607588	0.3600602729756118	-0.1481309640176259	0.4007750105655019
GTATC	-0.0008189054855968584	0.3851304576974448	0.33254313624631693	0.8655821295593302
TATCC	-0.0028431117290312067	0.3917221054050457	-0.32123585556437684	0.8128025951104378
ATCCT	-0.0014963075770184956	0.3157364641858724	-0.3116568787523596	0.9823400410056887
TCCTG	-0.0029193670005465914	0.32757786652953313	-0.27698261751465203	0.8366354339431447
CCTGA	-0.004991710519386277	0.34801614605091047	-0.8524663723477433	2.435159033409852
CTGAA	0.00033271593665242763	0.22059766803356864	-1.089887248291497	4.942119170825728
TGAAA	0.001334800901815891	0.20258841512164058	-0.71543792268808	3.5380736018864782
GAAAC	0.0018082345199466163	0.20707949047252988	-0.5615501848980871	2.7204935560374386
AAACT	0.0012820604729897047	0.23458495566768994	-0.9765876841769309	4.1685100473159
AACTC	-0.0006330140699746474	0.24456435263999432	-0.4169807577326692	1.7024056824649758
ACTCC	-0.0003439883557301392	0.3312791414421009	0.04649592893611037	0.1413910851372661
CTCCT	0.0012403025299608894	0.38439419681031944	0.6329767897773037	1.6434600014502174
TCCTC	-0.00021934868971502166	0.40483442193787916	0.7656145583554225	1.8917213199885776
CCTCG	-0.007647677932630121	0.44597941861906626	0.6473689481600888	1.4687149198967901
CTCGA	-0.00490881517156826	0.26288462927918443	0.27758344583217787	1.0745864517766777
TCGAA	-0.002753336407264581	0.22506826909510652	0.3131146721189429	1.4034319888634856
AACCC	0.0026199917825070955	0.46034279216050006	0.4496770705251672	0.9711395211479539
ACCCT	-0.0025043512788596374	0.5703265015907454	0.27772950455575374	0.4913568895237897
CCCTC	0.0028803354195467367	0.5399666539139684	0.21514168758372965	0.39310085285007623
CCTCA	0.004058089394846896	0.39645897723485723	0.008577274660127006	0.011398872329237239
CTCAT	0.002088658501766945	0.3024836345950628	0.49048708053360873	1.6146275903014211
TCATT	-0.0032302704623410664	0.2924325029772928	0.290361771660246	1.003965151388744
CATTT	0.0005684732452337682	0.27479827308661836	0.5930675637563767	2.1561237771111577
ATTTT	-0.0010066602041791173	0.2730374320609544	0.6255578282175822	2.2947933684121513
TTTTT	-0.0011778037976998513	0.38349973999393994	1.2000820468987288	3.1323615779124414
TTTTA	-0.0037920111615118305	0.35511288604378144	0.44917622169497134	1.2755612388581057
TTTAC	0.001806980405954573	0.4140462562941315	0.17049734090727012	0.4074191178810726
TTACA	0.0024834235183723743	0.37430015830060165	-0.17488442989591593	0.4738652909461065
TACAT	0.0003242562865055632	0.3536846252455843	0.1466440818173399	0.4137014025679962
ACATG	-0.003256661521783873	0.35433503729184057	-0.5176330683678804	1.4516667919081376
CATGA	-3.7869862299615405e-05	0.31198389905743135	-0.10562962917866975	0.33845259205806755
ATGAG	-0.00698680228438794	0.5522939751220923	0.3725305957391696	0.6871655587763018
TGAGA	0.003184181241483398	0.4222900287146716	-0.5345831372978177	1.2734549290119612
GAGAC	0.0031321724863004313	0.2926135970994705	-0.4349926927652948	1.4972812938103486
AGACA	-0.003398921997065155	0.2976689630650408	-0.3541504780371119	1.1783276040216775
GACAT	-0.001873673235532522	0.3264769193412998	-0.18785672704166834	0.5696667751624691
CATGC	-0.0034569994660640156	0.41572034860722556	-0.08677060192735377	0.20040780476686462
ATGCA	0.004057281651954777	0.31849071414997576	0.24929372323939678	0.7699955781817907
ACTTG	-0.004465157511753892	0.3075559266346556	-0.4626170150272133	1.4896538087516553
CTTGA	0.001858452968111439	0.2565275116339887	-1.299144267438811	5.071591394310885
TTGAC	0.0006060980818788438	0.28584221612309957	-0.2460843406404215	0.8630301082470677
TGACA	-0.00478685634139141	0.3162065824462385	-0.2293914184094729	0.7103095714532407
ACATT	0.0012664261843144916	0.2779577135138417	0.058910997044455155	0.20738611687158698
CATTG	-0.002146784825375129	0.24136805229755406	-0.2779684016602074	1.142742853535581
ATTGA	-0.0034071784096427232	0.1952871219472857	-0.9227495325493805	4.707644543954608
TTGAT	-0.0011722074528801754	0.2195162951531226	-0.5635278343385296	2.561794451265592
TGATG	-0.005254860672180218	0.20793566678434372	-0.5404885693702576	2.5740351185310804
GATGT	-0.0005461862654774324	0.272053153543235	-0.21662562510761618	0.7942544904475778
ATGTT	-0.0009001947029668813	0.303710412121963	-0.2807559625273319	0.9214559549311123
TGTTA	-0.006492784345315267	0.324834837288777	0.041334223820331396	0.147234848838361
GTTAT	4.377815705176664e-05	0.3621314844918697	0.06722854811555853	0.18552590104883615
TTATT	0.0009332154830600622	0.3321436564813826	0.5851561069762776	1.7589464079557533
TATTG	-0.0014497594668836323	0.25752901862848404	0.28553101547512777	1.1143628646992012
ATTGG	-0.002335630836727952	0.2718572001699199	0.24628619721434036	0.9145309666092026
TTGGA	0.0018837254978142386	0.19538218860203768	0.016102888960529187	0.07277614998815021
TGGAG	-0.003767081097732414	0.2176970297183556	-0.3380441432509307	1.5355150347511284
GGAGT	0.0023586734797238105	0.31408970061966246	-0.46201451134717264	1.4784731365299217
GAGTT	0.0013706481202553319	0.2821739202512957	-0.17851600295366327	0.6375027533151076
AGTTA	0.0007389662829006588	0.3706655933197438	-0.835358115735084	2.255664127144248
TTATG	-0.005457965486193197	0.3423819543979421	0.19603142643464463	0.5884930246255083
TATGC	0.0009271151012069266	0.3883032927992156	-0.006961333220449764	0.020315172361249224
ATGCG	-0.004683508277089412	0.607654808942665	0.9879634798187793	1.633570529661569
TGCGT	0.005134915859004475	0.9002704020939728	0.7782998179865374	0.8588140855560724
GCGTG	-0.005026831028523485	1.001864784268373	0.9504807933692179	0.9537291253285396
CGTGA	-0.0018643159109566804	0.3764625395112682	0.0920539814281999	0.2494758109560737
GTGAA	-0.0011202562842950068	0.2544529396302663	-0.21546822830194792	0.8423874855960083
TGAAT	-0.0014476376257289254	0.24493154537402992	-0.3168165958072372	1.2875799958715601
GAATT	-0.0013281407379019618	0.2386798952763169	-0.1425667966081126	0.5917492787010834
AATTC	-0.0016035819259684842	0.221127941276842	0.15629714920015644	0.7140695572634147
ATTCA	-0.0004696054977217766	0.24715370856532176	-0.02231877257519051	0.08840315285697639
TTCAG	0.009480782725246125	0.2891389394188727	-0.014018192765050771	0.08127226148621292
TCAGA	0.0031644099440194915	0.2524758927272626	-0.17452706178883987	0.7037957953665334
CAGAA	0.0034343895256076467	0.21608575852925363	-0.40668569215794115	1.8979505381333441
AGAAA	0.0025948675257666935	0.20487157313087614	-0.6023776892363483	2.952935575769929
GAAAA	0.001447724021122559	0.18803969776989635	-0.171573948172727	0.9201337496594773
AAAAC	-0.0009265851946383841	0.22450218454871085	-0.3673776372090975	1.6322827893683556
AAACA	-0.0008472190591661292	0.2526350371637946	-0.5060450940926684	1.9997142150396179
AACAA	-0.002528949322255218	0.2231249074448446	-0.3148439489682936	1.399731671477516
ACAAC	-0.0009774848308576215	0.2738995103253747	0.16178848139056043	0.594254316220072
CAACA	-0.0006804510234438175	0.24010399657512196	-0.0007571096687013963	0.000319272674970216
CAACG	-0.0005657157489855372	0.3025537097490043	0.23339056678582065	0.7732719018018127
AACGA	0.0028605987279717226	0.2794751996113784	0.6049439111439516	2.154335387373195
ACGAC	0.00013670608627050688	0.35196871790139694	1.0971220020060783	3.116712480758376
CGACG	0.004624192206948648	0.3637714423776867	1.4111829493329198	3.8666002694780195
GACGG	0.0034877938179162524	0.40808091449129175	0.8010198944866209	1.9543479548973701
ACGGT	0.000866661612878701	0.46992851282993814	0.7657311444834819	1.627618801558864
CGGTT	0.0018386118047022458	0.4698207544511377	0.4634264806331257	0.9824765390955702
GGTTT	0.0036277845724476034	0.40815619626948946	0.21872263568529507	0.5269915122661247
GTTTA	0.00404155861957739	0.5106897756781112	0.45157073683535404	0.8763229646051406
TACAC	-0.00014949865218664673	0.42411179096319723	-0.0063350275709830265	0.014584666237994634
ACACG	-0.0036761717896105356	0.42921906276739247	0.6437801526754242	1.5084519319588376
CACGT	0.00863733896836355	0.38777765042286294	0.9614845666798673	2.4571999615564355
ACGTC	0.002615069042531929	0.40807792502698953	0.9238766422721547	2.2575628739748472
CGTCT	0.001994149677883251	0.35747075354444735	0.7065552104831289	1.9709614110225149
GTCTT	4.650377397968022e-05	0.32072626281191124	0.4278025709024042	1.3337107581342054
TCTTG	0.002646054305507089	0.2558017762302653	-0.49407245242659253	1.941810233111783
TTGAA	-0.0020179086803368126	0.1930989577290203	-0.8982931582001868	4.641533336381915
TGAAG	0.0007748314461837056	0.18898543557376085	-0.9102002868430293	4.8203456288760425
AAGAT	-0.0015335632755507922	0.19710834372052777	-0.867881424734431	4.395287612417063
AGATC	-0.0018477414173694038	0.2661079213665782	-0.819486723092202	3.0725841511064615
GATCT	0.00021341315253086467	0.24475160700038742	-0.8910914638953247	3.641671194610153
ATCTC	0.00024083273607152582	0.24575252271531423	-0.040718021596646566	0.1666670758052231
TCTCC	0.0019507036843279283	0.30311490322328005	0.40523287410737424	1.3304597238030926
CCTGG	0.0013447740046437474	0.40406747911420504	-0.008296543904269173	0.023860662902267155
CTGGA	-0.0008375115196806316	0.22829091575796878	-0.39361099937961835	1.7204954763787068
TGGAT	-0.0009709341290292543	0.21982961020873532	-0.09050100438043072	0.40727029523634134
GGATG	-0.000628300355657429	0.2801323801204035	-0.2198588351892949	0.78259619519675
GATGA	-0.005907688391834939	0.20082054812907243	-0.2788516358365405	1.3591435238453666
ATGAT	-0.004494588461730944	0.21686752457085198	-0.09923259802318221	0.4368473783657717
TGATC	-0.0016289566358021197	0.2597636916451073	-0.5969596202294204	2.291816303592448
ATCTT	-0.002472199740596649	0.24756929800878727	-0.43203945190168286	1.7351394361745094
TCTTA	-0.007367598180476171	0.3402618185810374	-0.10732216086832948	0.2937577983468279
TTAAT	-0.00295113610319833	0.3669658899140439	0.5542190464973199	1.5183160013346928
TAATG	-0.004554848929376996	0.3321876894523458	0.17379713086973644	0.5369012322315425
AATGA	-0.002030034738971884	0.24884538440243192	0.2111015967412209	0.8564821565487308
ATGAA	0.0008830488065446416	0.21203532438252728	-0.32271547393562383	1.52615383160578
GAAGT	-0.002426089728071454	0.2273679787123246	-0.50366604742678	2.2045318805991507
AAGTG	-0.0013660090218983924	0.27371478997712523	-0.09877512318641948	0.35587815394506717
AGTGG	0.0025476713699804816	0.313045466062877	0.07786009984544531	0.24057984107758296
GTGGG	0.004821081391496461	0.7222127977457773	0.9745027153421227	1.3426536292035622
TGGGC	-0.0029154127555037056	0.5479853245705137	0.7030116906823005	1.2882226435371753
GGGCG	-0.0068522864897159926	0.916174052352091	1.7861619357595082	1.95706723809305
GGCGC	0.005137740777450816	0.796772904565453	0.8589182781948221	1.0715481569783167
GCGCA	-0.0015307974429661832	0.6186288414170118	0.22209631024680543	0.36148833148085757
CGCAG	0.004824103939612897	0.45849006176061924	0.4230955682248766	0.912280328779833
GCAGT	0.0008861937496690651	0.3615499036841819	0.48990134666436946	1.352552297571239
CAGTC	0.001604000734798428	0.33574642441459224	0.010542515572027159	0.026622814681687028
AGTCA	0.0027488187593933495	0.3079971323453767	-0.15243751957634868	0.5038564390324315
GTCAA	-0.0009854724396862428	0.26404923644248357	0.0687922193270781	0.2642601535489145
TCAAG	0.003672167264112299	0.26528965541356364	-0.7167292731115105	2.7155278227964796
CAAGT	0.0017958525258460047	0.23932915925368878	-0.6985747148671512	2.9263904556260307
AAGTT	-0.000685416976210675	0.22632089663668756	-0.629124497182431	2.776761180895515
AGTTC	-0.0034756610418875114	0.2571208675371651	-0.790310477327175	3.060174865704184
GTTCA	0.00020708773190640525	0.24499540911786089	-0.3123879536458507	1.2759220366752906
TTCAT	0.00014406099904920862	0.2830782928331006	0.40066229051288754	1.414867334069938
CATTA	-9.089736117214568e-05	0.43878223705677805	0.42149668182071576	0.9608127758538567
ATTAG	0.002123629336671128	0.5088631408623692	-0.26083857592042065	0.516764104414107
TTAGA	0.0037788706533925433	0.4561255066813234	-0.238700534539665	0.5316067653337093
TAGAG	-0.0004558476149568995	0.5133485519583871	-0.10434323137530374	0.20237202065540866
AGAGA	-0.0018612489413322986	0.24309869210322943	-0.6172681394926438	2.531510495704292
GAGAT	0.0010551137423920245	0.2393900932519768	-0.30779359265230405	1.2901482354560456
GATCA	0.00026677367673877097	0.2396049099842174	-0.4084008962066016	1.7055897139597807
ATCAT	-0.004819005359735642	0.2868089260705005	0.5516742290645729	1.940292591477843
TCATA	-0.001394332259722485	0.3876378319838895	0.3617348489611	0.9367743580712069
CATAT	0.006123735316330625	0.3774774100793806	0.19946342006222315	0.5121887550972511
ATATA	-0.004782814199923894	0.43645919154356827	0.0795951512161931	0.19332383657154395
TATAA	0.0023184819681618773	0.39936673815013213	0.42876726170457363	1.0678124615778564
ATAAC	-0.0068943753238678365	0.3777607988683125	0.1237470450803086	0.3458310676903192
TAACC	0.00770552136613381	0.5655277025603861	0.9120512068753648	1.599118277344984
AACCA	0.0025756695466204855	0.2586603693556665	-0.7975155894874655	3.093211615784613
ACCAC	0.0010984948337630271	0.3148840846880332	-0.26330108648023526	0.8396727372739345
CCACT	0.00020717620081531788	0.31151360301402187	-0.4305441727480771	1.3827689859485959
CACTG	-0.0025313789475662975	0.3028081084635944	-0.5746300119420767	1.8893108110521153
ACTGA	-0.003609808431404134	0.2670203419103968	-1.3592037057633974	5.0767439200826345
AGTTG	0.00015085392564668943	0.23758055885171522	-0.6058897239088226	2.5508845537009055
GTTGA	-0.002159479447962292	0.22408495554162505	-0.5048124082665073	2.243135544747333
TGATT	-0.004461616992026632	0.23829920954248043	-0.04996087050715021	0.19093329601251846
GATTA	-0.001647297850510249	0.342800065510818	-0.2288956834176664	0.662918150930122
ATTAC	0.003736900074617738	0.3677366023931152	0.04395969322715484	0.10937935710173995
TTACC	0.004027277886336304	0.457789410172071	-0.3077935926523042	0.6811447875594921
CCGAT	-0.0002605877297428895	0.31299567084734986	0.0661167667773077	0.2120711584519751
CGATA	-0.007795800728959952	0.4326590605625702	0.5138572177599353	1.2056907298106956
GATAT	-0.005737987192508569	0.26821916944429136	-0.0683302528045065	0.23336238696764078
ATATC	-0.0039352578233085205	0.30149849090782616	0.019027221137347044	0.0761611737807193
TATCA	-0.00633121732719571	0.2793447054219105	0.09683963552818636	0.3693316925393562
ATCAG	-0.0004594627161854818	0.2679758954046352	-0.02347407180776668	0.08588313160342224
TCAGG	-0.0026137112695019758	0.38904145012324676	-0.11599074084234746	0.29142660643725266
CAGGC	0.00023429845138792904	0.5011153058264116	0.2673378987091582	0.5330182438097312
AGGCT	-0.0018465814837857761	0.3352758384277185	-0.7706234638370366	2.2929683390203195
GGCTC	-0.0021999099910565583	0.368154330704935	0.8312387839024847	2.2638296615924323
GCTCT	0.00032140872744795726	0.3047340444822923	-0.02681315328439687	0.0890434216431029
CTCTC	0.002369947446284194	0.3388208393743416	0.027871964013768704	0.07526696591206114
TCTCT	0.003868999886473095	0.301216488828294	-0.16811914180861842	0.5709785090587519
CTCCA	-0.002782527830431622	0.2549632592509758	-0.1679289255724814	0.6477262576075173
TCCAT	-0.0030681203830729142	0.28587668235352803	-0.2102153095163624	0.7246033059706559
CCATG	-0.002599608636222305	0.3757255825048017	-0.30456844918655185	0.8036951823648325
CATGT	0.0006485098081417528	0.3692246799138589	-0.28728852364103913	0.7798423266731719
TGTTC	0.0027235953286465393	0.2473206322636894	-0.061603797939258416	0.26009715679248346
GTTCT	-0.0019706586520125357	0.281709520979662	-0.1575421513181102	0.5522408050856369
TTCTA	0.004633035834563895	0.3449534586240162	-0.02526153091262062	0.08666260911379424
TCTAC	0.00896565131726899	0.305986270075595	0.13964019408562817	0.42706015121552865
CTACT	-0.001982207494438407	0.3918427368899391	-0.2821467066572819	0.7149921965799668
TACTG	0.004694619537082033	0.29052877002920563	-0.7803759912143428	2.7022129707584726
ACTGT	0.003407175086894482	0.30553421460257774	-0.27716645887085994	0.9183051211554467
CTGTT	0.00218170867009819	0.3874810275465755	0.09855909251328135	0.24872800728701105
GTTAC	-0.001829906554048191	0.3688789943351689	-0.32236252101866103	0.8689370210475367
CATTC	-0.003964552859410558	0.308169883860952	-0.35801679081295495	1.1488865606130896
TTCAA	-0.0014251601755034212	0.1796557114819495	-0.29764903524676084	1.6488419579191604
TCAAC	-0.0003175382263806194	0.22526009772089894	0.07719572265622829	0.3441055991134708
ACGAA	0.00028337985286850694	0.27015825669229604	0.638045683220568	2.3606989146887183
CGAAT	-0.0023230404183716908	0.30183767499080966	1.0444739313508988	3.468079231001045
GAATG	0.0025877544030175025	0.24133505576715558	0.2950856399307356	1.2119991627321864
AATGC	0.0008340163915601576	0.28125019791436856	0.43334785014808724	1.5378258823064483
TGCGA	-0.0027390582740790897	0.4380458901491527	0.3066246035944931	0.7062357365417474
GCGAC	0.0009380059009109403	0.5148061665997541	0.7426759082558162	1.440810057218261
CGACA	-0.003036246595454766	0.3590148315687236	0.6674540492982476	1.8675838348069898
ACATC	-0.001452742035719723	0.2582998750271322	-0.1068548479706864	0.4080610024449105
CATCA	0.002066346559813517	0.24396460228337552	0.41637974764228647	1.6982521120061094
CAAAT	0.0003650585795839912	0.22345952562400168	0.24482763245512382	1.0939903912929556
AAATT	0.0010884236816388893	0.21967379121414726	0.008011343386421798	0.03151454557468877
AATTT	0.00019692153188061076	0.23997347332543728	0.3090035794396847	1.2868366391856132
ATTTC	-0.0032812952216302485	0.24488792146844196	0.3754131534975899	1.5463990483827168
TTTCT	0.0014531296709870917	0.2917216687375099	0.31336802097215133	1.0692208523660411
TTCTC	0.0016020032708223223	0.23590048716837803	0.08748786978226485	0.364076681410751
TCTCA	0.0025945616648614164	0.2560736789769862	-0.27031888723364106	1.0657614245587097
ATATG	-0.002792531175612332	0.30823896083146796	0.09217790123480277	0.3081065163022689
TATGA	0.000842788431680088	0.297685967920115	0.10689730132615023	0.3562630567891941
ATGAC	-0.0032394097743307835	0.3433412520153238	0.1958441728759562	0.5798417215575413
GACAC	-0.003271303799986221	0.3551503403171602	0.6285526984818556	1.7790325125905933
ACACA	-0.009547916612966865	0.37398044995230156	0.8397003626506809	2.2708360273163026
CACAT	-0.004623836847364683	0.3446601067922912	0.3698024681523429	1.086363920920372
ATTTG	-0.0011516295921951863	0.23592470710596897	0.4606211961005331	1.9572889645903697
TTTGA	0.0023740472317199165	0.2851203259349408	-0.07612335772784527	0.27531325485885155
TGACT	-5.07450306026147e-05	0.35590335333868517	-0.17298489698043443	0.4859020021237732
GACTG	-0.0018076218805568407	0.3257143361825731	-0.36465813585550544	1.1140145632753466
ACTGC	0.0006896554059764984	0.3393590765201824	-0.032895125078885146	0.09896532259942159
CTGCT	-0.0011352317156991605	0.2934435793692556	-0.1907782924005912	0.6462675417622756
TGCTG	0.0017471249213201077	0.3543328393760818	-0.6126429548160052	1.7339349093895977
GCTGA	-0.0002620849011180968	0.26285661277162503	-0.6201385093530154	2.3582302834833304
CTGAT	-0.005489903484341737	0.25669588235091517	-1.1147339769465823	4.321238281282021
GATTT	-0.004540201524273938	0.24431354025232377	0.6236739529271077	2.571343994289348
TTTGG	-0.001623861335877243	0.2627796380741209	0.46805352814681067	1.787343162982089
TGTTT	0.004929421987020056	0.45291169892781585	0.4348919956887236	0.9493298025190339
TTCCT	0.0004287073513114965	0.30166531550645725	0.1933373172653814	0.6394789191796914
TCCTT	0.007039015894265232	0.34937831026965577	-0.007681453278499596	0.04213332293410926
CCTTT	0.002548617599486062	0.4862017770434992	0.3188681993492405	0.6505932242231484
CTTTA	0.0030613299733017697	0.40977226570559744	0.1315611196786914	0.313588303698696
TTTAT	-0.005826657899530158	0.3620897978539807	0.3595542699301321	1.009089264583502
TTATC	-0.0070853903439620875	0.2965982837032565	0.08269325358138883	0.30269441483071263
ATCAC	-0.0030049413470203405	0.27594468923745613	0.16195519178038403	0.5978014419601776
TCACT	-0.00023045463722970593	0.27513473699523855	-0.2300250466643939	0.8352074861094003
CACTC	0.002123380180366502	0.32998040493878145	0.10370010478070514	0.3078265347882803
AGTTT	-0.0005364549264840494	0.27701922197350026	0.1782304248751732	0.6453230159557597
TTCCC	0.0036614796281742115	0.3550831701980794	0.3296587884781617	0.9180871869205555
TCCCT	-0.004841204478500297	0.43754497656724956	-0.7635939608427328	1.7341137414421077
CTCAA	0.0019586592029236104	0.30309396047247916	-0.502226779334666	1.6634625043390445
TACCT	0.0013532878502436252	0.5461578344111416	-0.13885911307580803	0.2567250565529768
ACCTC	-0.0033033949562356934	0.40742267999003995	0.1797907854274339	0.4493961415897259
CTCAG	0.0020673557884886727	0.3341290598911892	-0.2991442674388109	0.9014828681030935
TCAGT	0.005915068454681366	0.307970950972579	-0.20561319784582602	0.6868448651812663
CAGTA	0.0015005544575918488	0.3997320830057457	-0.049023520303662416	0.12639484522068756
AGTAC	-0.0008667512224341633	0.36418216225171474	0.0023945345539860483	0.008955094769759982
GTACG	0.0024622888183417307	0.5010659556887126	0.2439633903353495	0.48197467573917635
TACGC	0.0020742924725142124	0.5547546219067321	0.49672946071531604	0.8916647986503221
ACGCT	0.0018209610352725404	0.3981130900225715	0.3702150793494607	0.92535042817432
CGCTG	0.0003067496499085457	0.38512766515847535	0.26662174330061356	0.6914979570245093
GCTGT	-0.0024876334253461814	0.4996599727301912	-0.6165915484560489	1.2290436467727814
CTGTG	0.012257950793343336	0.3774205081812731	-0.09821712857846206	0.29271085427807436
TGTGA	-0.0015260889738295787	0.2812243599279418	-0.08392172828825255	0.29298898337091145
AATGT	-0.0005484115598721023	0.2660347536088787	0.14854939551854324	0.5604448481103986
ATGTG	-0.0022684200075797677	0.30290101926538376	0.45565055585552106	1.5117775997376213
TGTGC	-0.0005344773306464424	0.3597395122898632	0.5978055748340378	1.6632591965115213
GTGCT	-0.0012349725951971136	0.33930295725772797	0.4522556146269434	1.336535911408747
TGCTC	0.002757088980323209	0.3381650718095946	0.3336179256858902	0.9784003857496546
GCTCA	-0.0010275658307585568	0.36179700568321654	0.1282183972328345	0.35723336852809306
CTCAC	-0.0031096195508174425	0.3407360539633825	0.13444362821181305	0.4036944319881476
CTGTA	-0.0029713026315347185	0.3835223958197851	-0.2852538796553711	0.7360263184121307
TGTAC	-0.0018730345567537126	0.38981006148608366	0.023412315823069085	0.06486582281490312
GTACC	1.0682817200153223e-05	0.4602483150183769	0.05696487553409583	0.1237466620917919
TACCA	-0.001225232373267183	0.35628986638695576	-0.6406527312956896	1.7946833722965314
ACCAT	0.00230398583667874	0.2930304722356143	-0.37651829106556645	1.2927743453167186
CCATT	-0.0015152635382055272	0.2866355007148894	-0.19683163893480216	0.6814102751036198
TTCCA	-0.003863603947888174	0.20783812024971676	-0.4795516901579243	2.2887432086014763
TCCAC	0.0034672607649984893	0.27661055055170486	0.3842800999767769	1.3767111863674042
CCACA	0.0013406103898489729	0.30813481179316166	0.33535632213780947	1.0839921325480473
CATCC	0.0016978293083835748	0.30522355105314986	0.06558177006700851	0.20930213457709412
CCTGC	-0.004886619568973111	0.46046369979122026	-0.40400890791160715	0.8667833936173488
CTGCA	0.0002934120053568433	0.27404039777406086	-0.20355283530320312	0.7438547344272426
TGCAA	-5.187429188556656e-05	0.24238568598547008	-0.3283602899977583	1.3544876396931842
GCAAC	0.003657344500074458	0.29876542729233413	0.12385221694409779	0.40230515804097977
CAACT	0.0006821500621887373	0.2300669934394285	-0.22105134231694468	0.9637779373055132
AACTG	-0.0008859592615204665	0.24604355973753342	-0.6511069235274429	2.6427067018520813
TTATA	-0.0012621240463359502	0.4451925826070862	0.7182524343165987	1.6161872108232245
TATAT	-0.002988122009275998	0.4174947289318894	0.33298930759389317	0.804746518507497
ATATT	-0.0008752558829490469	0.2641164530050648	0.4419012402908421	1.6764442015480963
TTTCA	0.004036167170677099	0.2619267331538626	0.42931880334978434	1.6236702189893883
CAAAG	-0.003185606177314706	0.25075722870283457	-0.9138959060596461	3.6318406635510754
AAAGC	-0.0002960521717322929	0.26537961462618487	-0.21587110321126476	0.8123270935606438
AAGCA	0.004900155846655298	0.2845043086939844	-0.5661604902531866	2.0072126454649943
AGCAG	0.0023757496856098032	0.31796879945371037	0.16680017959555046	0.5171086917723744
CAGTG	-0.001179140654498725	0.3595912704881772	-0.06969708856841268	0.19054396904823284
AGTGA	0.0005100159766782801	0.3082919289188153	-0.09857820855554147	0.321410375158778
GTGAT	-0.0035709633407108353	0.2959861207362087	0.11891247613882676	0.41381480717705116
TGAAC	-0.005667531978586884	0.24825798921182238	-0.5836439557487042	2.328128192792892
GAACA	0.0020824365134602912	0.21823652379780048	-0.5874869740817134	2.7015157698416186
CAACC	-0.0003739464045107162	0.3467239951450173	-0.18859076735814684	0.5428433670271781
CCGTT	-0.0004631126229555774	0.42750557567150554	0.33734761995690077	0.7901902379851753
CGTTA	0.0003189699698654423	0.504081104763749	-0.08194068432315951	0.16318733933020188
GTTAA	-0.004978395226456241	0.37404765515762584	-0.6254223680644718	1.6587297481561725
TTAAC	0.0004205784476454037	0.41433315710018354	-0.7655053579778586	1.8485750495712976
TAACG	0.004423912322820205	0.5995212957633044	0.08481286048721227	0.13408856154482668
ACGAT	-0.0038272429314326717	0.30150804575581697	0.4450267495051662	1.4886965663268346
CGATT	-0.005536753937313583	0.30183180506223756	0.37601210645284927	1.2641108524381242
GATTC	0.0027713609965759915	0.23724803941116987	-0.2712894637769413	1.155165814873386
ATTCC	-0.003079469649823142	0.2459810834861873	-0.07309566503027723	0.2846405682426622
TCCGG	0.0016274165997503182	0.4512371503141581	0.4139967713773737	0.91386392829253
CCGGT	-0.0054594002939722126	0.5858030138716164	1.0802746527787455	1.8534115178018962
CGGTC	-0.003028911730566061	0.6049387751773128	0.24929372323939678	0.4171044167172205
GGTCA	-0.0023377800489365686	0.4269976885577481	0.0234123158230694	0.06030500061717189
GTCAC	0.000928326507653289	0.3412622018399065	0.07522021797274128	0.2176973923995835
ACTCA	-0.0007813724532167243	0.2891520087623939	-0.31795327157507547	1.0969036683486773
TATTT	-0.003395035125880278	0.3238779832952837	0.34065840469828684	1.0622933869218556
TTTTG	0.0004319610190022765	0.2550926505668376	0.7204014342783365	2.8223842265133894
TTGAG	0.0005699565198429834	0.2736107281312156	-0.6247440113852812	2.285414655251537
TGAGC	-0.0010737262946568158	0.31203606853162663	0.1843485340381268	0.5942334205316075
GAGCC	0.002570575511686694	0.35744574191824635	0.11716563677997714	0.32059428279467433
AGCCA	0.0018025002518708845	0.2760515554034533	-0.4125125499295983	1.500861132899403
GCCAC	0.0060973194940183665	0.3795673375010528	0.5884752591065204	1.5343204803835018
CCACC	0.003742927088076329	0.3423359809248003	-0.03932343952489349	0.12580146117457067
CACCA	-0.002544432385539188	0.290927322140952	-0.29936667560378616	1.0202625213538346
ACCAA	0.0009047638329008921	0.24489178868103137	-0.6814920691108385	2.7865239443881604
TGTTG	-0.001957711401577945	0.23432793724124795	-0.22754925771014983	0.9627172456023386
GTTGT	0.0030917351905297916	0.31298145132993843	-0.04015281295439721	0.1381696837341952
TTGTC	0.001389308584492113	0.3220491865817719	0.03805909178747053	0.11386392119847055
TGTCT	-0.0031102529109632193	0.35016110169162507	0.21384297270002303	0.619581171531867
GTCTG	7.268540050024905e-05	0.3769084285501225	0.05985431179112917	0.15861047899776262
TCTGA	0.0011998456608911699	0.23986288117012924	-0.9650920453391015	4.028517819372911
GTTGG	-0.0004468735090248451	0.3224874057187445	0.32039405358020073	0.9948944405259816
TTGGC	-0.00832273605118467	0.3453771270409019	1.178837747570266	3.4372875059582597
TGGCG	-0.00895255907071599	0.4965371918527992	1.6697753612083683	3.3808704520501482
GGCGG	-0.0012254363266543434	0.5769473639751387	2.1404854349996465	3.7121425714991036
GCGGA	0.0013963751487736085	0.41014178088099745	0.9155563260624011	2.2288876518504974
CGGAC	0.004816766158568098	0.4284469280549119	0.3731583548501938	0.8597134547418606
GGACG	-0.003742500507573517	0.4646732408635868	0.08353330826064001	0.18782189524409243
GACGT	-0.0010325309886007824	0.3984702401081853	1.0534070561209063	2.646219167642796
ACGTT	-0.003792186625606021	0.3562592107772641	0.20003196983938992	0.5721231909213101
ATAAT	-0.0013628783827471483	0.310303383762246	0.6328971356782941	2.043999670164765
AATGG	-0.00075833420612473	0.24792512879026152	0.12149731550525861	0.49311520097992395
ATGGA	-0.0037753411262575138	0.20380922601497278	-0.4275577240660319	2.0793091226824116
GGAGA	0.0014673571311522207	0.2148757783200631	-0.6089820148949242	2.84094083008647
AGACT	0.0010272584912555064	0.30273695538651413	-1.1285907776219808	3.731351643776083
GACTA	-0.0010007822874660744	0.4404303503699685	-0.2440679950419169	0.5518857012244285
ACTAT	0.0033155984204026427	0.3214934723023429	0.02094827587158791	0.05484614454194244
CTATC	-0.0036427771828805105	0.33115840934606305	-0.30491355026244404	0.9097482189097401
CCATA	-0.0028578257854843226	0.4873239513429643	0.3924374173450768	0.81115496589324
TATCT	-0.005130783084352551	0.34448036885835787	-0.10831838259571976	0.2995456601876651
TCTCG	-0.003033658865535164	0.31084794086039924	0.3765375494233281	1.2210832320080494
CTCGC	-0.0006589510835174636	0.42066874452512454	0.22986319329049543	0.5479897125093992
TCGCA	0.002414274325727807	0.404259661351736	0.16672558701806167	0.4064499340421967
CGCAT	0.0024326021994542377	0.47458666894669943	0.5573006319499558	1.1691605897442907
GCATA	0.0032517001927085554	0.5693294575529612	0.5135965917921255	0.8963964271108221
TCATC	0.0008373984274719776	0.286088150291506	0.8869754797674869	3.0974302166555843
ATCCG	-0.0002786812122378215	0.321050366712697	0.4803414272571962	1.497024013367764
TCCGC	-0.0009876320861580785	0.4342921355107797	0.4591488077697488	1.0595090314374014
CCGCC	-0.0016563181540889009	0.43721260809800794	0.677637478981339	1.5536921501201397
CGCCG	0.0032236613594380254	0.43902895813830556	0.8918733249377347	2.0241253956153593
GCCGA	-0.001505051224433043	0.32233837884228383	0.21471096805794818	0.6707734277840152
CCGAG	0.0009241880759084501	0.38464545860499155	0.181560149489028	0.469616779223753
CGAGT	0.0013409048440327378	0.39789437980270104	0.49802870722743964	1.2482905705521483
GAGTG	-0.004652278160014214	0.467290619779112	-0.3228261864704711	0.6808908521657411
AGTGT	-0.0017201963883047222	0.3633411718640912	-0.11117372454457149	0.30124174366126655
GTGTT	-0.002921540461367639	0.338391680444884	0.04038539442678257	0.12797872226413642
TATGG	-0.007168354094886532	0.3500309675429396	-0.010297045783706174	0.008938328259301326
TGGAA	0.0011862463237433923	0.17612942553440908	-0.1903669752086709	1.0875708073833013
GGAAG	0.0031510019911267376	0.24729650433073486	-0.445367406862113	1.813686813192435
TTGTT	0.001151070219014964	0.260166597004835	0.17742773704007594	0.6775530327507223
GTTTT	-0.004299104978529638	0.32214830711114567	0.7585677528623535	2.3680610482850786
TACAA	-5.478038512215646e-05	0.2593061193743475	-0.006553105576218421	0.025060439016153537
ACAAG	0.0004301670042241694	0.2647171117357878	-0.5114908302393383	1.9338417297122332
AGAAC	-0.0003406415560284856	0.26459925466744155	-0.875142420617385	3.3061384853893134
GAACC	0.0030206483915341427	0.32010236974332396	-1.0393234395248936	3.2562835718843246
AGAAG	0.0017583815848504966	0.18029390777591583	-0.8227442329156416	4.573103022012547
AATAG	0.0030467079883557415	0.42840857047928643	0.36601397897518123	0.8472455875024912
ATAGC	0.0041186574901630356	0.6106627115224865	-0.05858105637423816	0.10267486892736596
TAGCT	-4.142454708788529e-05	0.5171031429134554	-0.3072329961654023	0.5940624725031449
AGCTG	-0.0022402506957461777	0.25250904465822355	-0.6582515759525996	2.5979715940265784
AAGAC	-0.0021317385578378816	0.24240203704497265	-0.6454775308564656	2.6540444962484715
AGACC	0.0076405148540763254	0.3669694014796205	-0.7582711986323382	2.087126911394407
GACCA	-0.001428692666078837	0.374034463035086	-0.7970382638462183	2.1271023122420356
CACAA	-0.0023555711824780243	0.2839348151799106	0.49952730462207506	1.7675989310664255
ACAAA	-0.0054269609082448055	0.25286894914515495	0.01765764109726195	0.0912907736736607
ATTCT	0.004878134070173093	0.23808748113423625	-0.06557059198965012	0.2958942894612064
TCTAG	0.005088217616523483	0.49910097767788064	-0.649641514522944	1.3118181719171658
CTAGC	0.007166670394502267	0.5182008394569122	-1.0545901961782043	2.048929267821054
TAGCA	0.010368107409994477	0.4743870683035471	-0.5360150927909495	1.1517666410150298
AGCAC	0.009297863149011133	0.38680229194488536	-0.06458416517475993	0.19100721444095875
GCACG	0.006444554796665647	0.5716043743642408	0.7834615231023163	1.3593614799919564
CACGC	0.00037387516558068574	0.5189882856973373	1.1933373172653814	2.298632695527758
ACGCC	-0.0002170674946841786	0.47366082807973414	0.3119818137640005	0.65911906315827
CGCCC	0.003644250192836629	0.5783173471229356	0.48879320079155264	0.8388974548529073
GCCCA	0.0038405538919678906	0.42002197219674936	-0.5533061908031789	1.3264704743450053
CCCAA	0.00632061417989632	0.3366284414327442	-0.37955235115519986	1.1462874725996397
CCAAC	-0.001969007709431714	0.2915395320528416	-0.5599300892299252	1.9138436478637237
AACAC	-0.0014986126213628996	0.3116174773717535	-0.003059895538121825	0.00501025465557038
ACACC	-0.0014982091536128765	0.35745308012003507	-0.2686142933504314	0.7472759336893089
CACCC	0.008959047369102465	0.506565315729172	-0.014933995826413792	0.04716675708664258
ACCCC	-0.0011006281739618922	0.7376783993136204	0.8148256940116514	1.1060732196371743
CCCCA	-0.0019595070286137135	0.5062002628905659	0.2837013449180455	0.5643237921597356
AACAG	0.0013422107011813952	0.28151759480984384	-0.5739401654168875	2.043504160038927
ACAGT	0.0012144597208542478	0.31787371241347684	0.039303688592960795	0.11982503549259108
CAGTT	-0.001657830540757366	0.2640875774493573	-0.4348187005590953	1.6402167576451148
GTTTG	0.005246151423568882	0.4763102329980229	-0.11824883340052186	0.25927426342864934
TTTGT	0.0010670663272853663	0.30890885297050763	0.9115194357521718	2.947317180035011
GAAAT	-0.003028073948613906	0.21204472782974387	-0.11644534775989167	0.5348742926650051
AAATG	-0.002602685285335573	0.2184748796864295	0.3401787055946526	1.5689739313369668
CAAGG	0.0002614405127990659	0.26210779951496704	-0.8053553015478321	3.0736084296286967
AAGGT	0.004218322079174491	0.3337174626619709	-1.1631479996583494	3.4980678338669158
AGGTG	0.005372122138051841	0.3930486930357705	0.1554691316749384	0.38187891779410277
GGTGG	-0.002096555682512299	0.5675072636425496	1.069440846867474	1.8881474673510181
GTGGA	0.002656853227144513	0.2542238959325019	0.1065999952864997	0.40886456278269284
GAAGC	0.0021824903957797953	0.2204673210718425	-0.7446588785839983	3.3875377327980907
AGCAT	0.0020750594169327346	0.29467345393528244	-0.46751694886124046	1.5936013305810275
CATAA	-0.0019450530662766053	0.5099108456124456	0.7214685953898615	1.418706141830064
ATAAA	0.00032743811944633264	0.34156552944574053	-0.008720305117740194	0.026489040776065217
TAAAT	0.0014220713230121394	0.38344357637451587	-0.21567639438569242	0.5661809952884979
AATCT	-1.1274928858672465e-05	0.23953989778497892	-0.4787771325508567	1.9986894126996682
ATCTA	0.004944602724524806	0.3289972661099365	-0.3965239828686141	1.220279397273124
TCTAA	0.0001135521699699218	0.40468311260629514	-0.13993575121598986	0.34607152861901064
CTAAT	0.0037722250264779506	0.4280178879468341	-0.054590196178204174	0.13635509834563636
ATGGC	0.0019900943933837617	0.38190878298800746	0.2148934606318289	0.5574717726382602
TGGCA	-0.001506884190659256	0.36415804491205966	0.9437234271939092	2.5956595620806118
GGCAG	-0.0011021362461401001	0.4491079600965089	0.8330811037189196	1.8574225221610454
GCAGC	-0.001486352988397995	0.376671816527493	0.3723074583107008	0.9923593826187308
CAGCA	0.003696899207376351	0.35140416575008204	-0.013625063501460505	0.04929356108190306
AGCAA	0.0038781615246829956	0.24869693238558407	-0.14651268561924322	0.6047153284173108
CGATC	0.0050448215392047465	0.34399299238313974	0.2717252159500973	0.7752494972742457
GATCC	-0.0009684045537262975	0.28180735128376777	-0.46300981669254004	1.63956479500621
CCAAT	-0.0009716311970227052	0.23866995968506738	-0.1928453193412774	0.8039289418636436
CAATC	0.0010606969090924065	0.22665176140564655	-0.004370840690469047	0.023964241733116037
GTGGT	0.0014727013114424787	0.4731001492394104	1.1552021883786106	2.4386580492988346
TGGTT	0.0010934603277026704	0.3220541062894126	0.27005228340619414	0.8351355186162188
TTTAA	0.004058606613366929	0.35664941468880246	0.3229725976819769	0.8941946290501588
TTAAG	-0.0052631875640921835	0.3865602512739375	-0.20134712005729502	0.5072532208032097
TAAGC	0.011185910703011809	0.6156905375761509	-0.019656406068816818	0.05009386191518971
AAGCC	0.0020504562759683736	0.31240525185577617	-0.5304528881530916	1.7045275047901352
AGCCT	0.0039227966887948095	0.5268412483117283	-0.6359323812206634	1.2145123032030711
GCCTA	-0.0004814171144658128	0.5407459908162183	0.44917622169497134	0.8315505735524924
CCTAC	-0.003043604352717895	0.4216861174830007	-0.0075313913851991375	0.010642482278687197
CTACA	0.0027272745779392342	0.30174731057473875	0.23280875805478965	0.7624972134419814
TACAG	0.002087192211132992	0.4977667616777047	0.3288007345605004	0.6563586954825816
ACAGG	0.006465974076053118	0.4652207443874476	-0.2802039007873519	0.616201831758085
CAGGA	0.0021729333191161907	0.31440719667507055	-0.39487084295942887	1.2628329773534943
AGGAT	0.0030076564150277626	0.26284875249563766	-0.6164402670590786	2.3566705856227603
ATGTA	-0.0009312785693525143	0.394885141508074	0.012765071623560706	0.03468438984715047
TGTAT	-0.001781381804447064	0.36158480884423105	0.5179595213220068	1.4373969547773666
GAGAG	-0.0008114195963255745	0.31480924949902744	0.11664456027089685	0.3731020611819263
AGAGC	0.0012046129146044045	0.3112919030504338	-0.07443500757507532	0.2429861482051623
GAGCG	-0.007159167849033845	0.5240840031776192	1.0755008269715232	2.0658138547564655
AGCGC	-0.0020912097438870736	0.6551916955900179	0.006636603072242552	0.013321006470129316
GCAGG	0.004971751661164016	0.5269398781005997	0.03953198118634593	0.06558666550301193
AGGAG	0.00481856119708803	0.2927228525188015	-0.28799059920158254	1.0002948450355906
GGAGC	0.0017304736158423196	0.3167189196232258	0.39156342747107714	1.2308483317604983
GAGCA	0.0020033599653556796	0.25593728715701364	0.29001333667705514	1.125314642156888
GCAAG	0.004060319079142716	0.28405355362167856	-0.4488205850373177	1.5943504256230407
GAGAA	0.0027981568017583346	0.19874520154198733	-0.6146236518672511	3.1065998267061135
GAACT	-0.00499599053217499	0.2344192995528464	-0.44029903019146427	1.856941985961171
AACTT	-0.0014742229904586546	0.23174997415563195	-0.5247502666951355	2.2579335579699795
CTTAT	-0.00501140775740331	0.3603441016396849	0.2737993453736603	0.7737347492643349
TTTGC	0.0025275634061675393	0.31617216290175865	0.33784587416350725	1.0605560833688263
TTGCT	-3.0192511878893146e-05	0.25358083075599924	-0.41456199473293376	1.6347126909601695
TCAGC	0.0053616107516897575	0.36085973793824583	-0.2408002812080061	0.6821539398275063
ACCAG	-0.004695481680299147	0.3617175415760282	-1.0711991137336443	2.9484432173416737
CCAGG	0.007598731464382248	0.49303815945094487	-0.32414158673978793	0.6728491737304907
AGGAA	-0.001293748762123554	0.23676680547674964	-0.4483799617530083	1.888297694816803
GGAAT	0.0007850460064845193	0.26069058238350695	0.320294492140536	1.225627114001437
AATTG	-0.0046004276991813454	0.21164750253206913	-0.21466997994593343	0.992544441741863
GAAGG	0.0034308015843723676	0.22713996572283113	-0.85054238060754	3.759678220758288
GTTAG	0.002746936357505075	0.5656533084440972	-0.2814422657053521	0.5024088038034399
AGTAA	0.00021045854428350383	0.37136060002111304	-0.8334627420783337	2.24491559033247
GTAAC	0.007708081440763555	0.5907326572127568	-0.05459019617820401	0.10545934249328351
TAACA	-0.006003763527608334	0.4002624883230523	-0.5311765358545683	1.3120709225769176
ACAGC	-0.0007915122546690659	0.3985621633146672	0.12536052344937454	0.3165178416709009
CAGCT	-0.0002487101812570315	0.2950911899231867	-0.3963631024624378	1.3423457080649908
AGCTA	-0.0028575740117298158	0.3656749283063719	-0.6501278982015034	1.7700702839749347
GCTAG	0.0020620040805573365	0.49115032273075915	-0.6575192434288092	1.3429315160420623
CTAGA	-0.0012001321436281504	0.462137252380352	-0.34462770391860537	0.7431289514231296
TAGAC	-0.0028634045829387662	0.49261492952366737	-0.46962769545704786	0.9475236394590102
GACCT	0.0037983402223651353	0.491971864559393	0.1933373172653814	0.38526385490106474
ACCTG	0.0015998324159319014	0.35281242892394127	-0.12280842502797482	0.3526186926672202
TGGAC	0.001818638855486622	0.29680461281197623	-0.14361029484692062	0.48998205359609925
CGTAG	-0.008684220013452405	0.7641549973659194	0.010115493209611026	0.024601963329255173
GTAGA	0.001301203450507212	0.37256687236318287	-0.7507062767606032	2.0184496690249047
TAGAT	0.0029803464933984385	0.4758093047556442	-0.1805428572567026	0.38570747128274613
AGATT	0.0013717073429872879	0.2326071889263525	-0.32123585556437684	1.3869200018985972
TCGTA	-0.003227438854360509	0.46678595955606167	0.2978065838214105	0.6449080494239167
GTAGC	-0.005698213184368045	0.5665149009462185	0.4644090421645938	0.8298232836660919
AACTA	-0.00037773106596209133	0.31148358075721677	-0.5173415853805488	1.659682520208119
ACTAC	-0.0010640268994060909	0.4343610653824123	-0.3217740742018033	0.7383489747637567
CTACG	0.012573249714459696	0.49050942051689667	0.41769125493511566	0.8259127924469715
TACGG	0.004959851787701121	0.487402348128708	0.11804918996114443	0.23202460679073275
ACGGG	-4.6283094785552654e-05	0.6570474734673571	0.803390798949368	1.2227991347478628
CGGGC	0.00837908328927543	0.6959120214543096	1.6262967245414879	2.3248881918595186
GGCGA	-0.0032259900950315397	0.4847026796105221	1.3534945424588731	2.799077846328565
GCGAT	-0.0073725347439340064	0.4683734852614934	0.6404870016979782	1.3832113832836022
CGATG	0.00038982496501855496	0.2723491781371126	0.2964308102294851	1.086990558552104
GATGC	0.0008676636519274403	0.29781712387815906	-0.32183685329891243	1.0835660245072494
GCACC	0.0022017870414622457	0.47531551545876666	0.0339046896407115	0.06669864872525808
GTTCC	0.0007077750367272204	0.34085527382630804	-0.42464024068373774	1.247884508124737
TCCAG	-0.002012562357261228	0.28613278019607546	-0.8590393870603972	2.9952067152734103
CCAGT	-0.007794199372364713	0.3610855057510562	-0.9576045808093581	2.6304306495531913
GACTC	0.0027354152529399504	0.3332728374208316	-0.046977012068328876	0.14916435346483325
ACTCT	0.002007343077449446	0.2779391808783954	-0.22561523201684555	0.81896540953643
CTCTG	0.005054243128125729	0.2970531169080093	-0.38001856380779103	1.296309599253137
TCTGC	0.0013829646629351293	0.29631424870981743	-0.14813096401762607	0.5045789371640418
CTGCC	0.0013451548005698377	0.3685198278950093	-0.19493327245067696	0.5326129352995524
TGCCG	0.0041876449473204755	0.36884850386020646	0.3829547025102092	1.0268905894937326
GCCGC	0.002210713246296592	0.4293409427940902	0.5852912034311837	1.3580826612767969
CGCCT	-0.006786213354365843	0.5737421348948196	0.5639806971857716	0.9948143526965687
GCCTC	-0.0008783040166472303	0.4370329510782016	-0.13323714247834584	0.30285780084809816
CCTCC	-0.003014568571692997	0.4344701443564021	0.30734194596821257	0.7143333519490713
CTCCC	-0.00017297217190033923	0.45133577143341236	0.4546951452917915	1.0078264260310257
TCCCG	0.0038071751199871746	0.49450567273024615	0.9183302697655115	1.8493682581967033
CCCGG	0.006816806232830288	0.6800734519017911	1.3401787055946526	1.9606145419044707
GGTTC	-0.0016426165911303588	0.3325779133156456	-0.35900376188657684	1.0745185744077943
TTCTG	0.0019062907693630558	0.23765199050724803	-0.3147808334270775	1.3325666808870347
ACCCG	0.01516474703452394	0.5786515168973794	0.15441832797307894	0.24065188956076106
CCGGA	0.011097948159420761	0.3660391734907423	0.39731993914205815	1.0551384085463342
CGGAA	0.0006019616371914487	0.2809774141035324	0.291930771315587	1.0368406678091533
GGAAC	0.002830821670456832	0.25982299213426036	0.0014118478045551666	0.005461309848854438
AAGTC	-0.00113491011583838	0.2951007743663438	-0.20187999601917356	0.6802594345419316
AGTCG	0.0035965246089051115	0.3745632599872226	0.5052813235801218	1.3393860331852367
GTCGG	0.010346657956281109	0.4328109615082792	0.725188481526975	1.6516259687129478
TCGGA	0.0017878740185631465	0.27564146542618395	0.30679536704866517	1.106537046443697
CGGAG	0.008291478043988148	0.34044394387279703	0.19128948861652284	0.5375275838095385
ATTTA	-0.00015741097308720258	0.3344347251916686	0.20795441333756354	0.6222793526939504
CATAG	0.0021233650686071125	0.6635641607015031	0.11087515707340846	0.1638903943965746
ATAGA	0.0008348528222945951	0.43908428771009267	0.23669368645976355	0.537160723439951
TCAAT	-0.0012281942681356458	0.20271916849465282	-0.02972410247901508	0.1405683952952435
CAATG	6.565996135538499e-05	0.2362181942413619	0.015185112031263319	0.06400629773022162
GTACA	0.0020843479816823884	0.3724763131043953	0.11499586598359046	0.30313744533403914
CCAGA	-0.000583467229784894	0.2777459337249192	-0.8895309499077078	3.2005778473730615
CAGAT	0.0034649004677945886	0.2649276512623574	-0.3155629776362156	1.204207550944078
AGATG	0.00025869006266211763	0.2293095250669738	-0.5610507232206425	2.4478242372154604
ACGTG	0.006649175707766723	0.35719209927127465	1.0600707864019172	2.9491738838661
CGTGG	0.005176381224868465	0.4166627082096359	1.3088145346853177	3.128761292466204
TGGTG	-0.006642025041837853	0.41304399764226346	0.5779429203302647	1.4153091406945233
GGTGC	-0.0037064119111205915	0.5356779585161152	0.6797135982644877	1.2758038655701913
GTGCG	0.0050908659762757625	1.312762893164947	0.11804918996114443	0.08604624991534977
TGCGG	-0.005608628244553909	0.5036152166067289	0.9203188228589654	1.8385613074645681
GGAAA	-0.002276385603073643	0.19810859086018778	-0.19938180258986762	0.994936242446438
CTCTT	-0.00044291103724674924	0.2768431854842066	-0.10831838259571976	0.3896627304363506
CTTGC	-0.005000600186165468	0.32612561022241193	-0.4593697900916091	1.3932336978858293
TTGCC	0.0029059234509400092	0.30686046257069066	0.13926064450958872	0.4443541534036403
TGCCC	0.005192050214475703	0.4811077740802286	-0.06969708856841252	0.1556597976951415
GCCCC	0.00442365909298825	0.7010259355354863	0.4606211961005331	0.6507570032470673
CCCAT	0.006615259362468646	0.4363517037964244	0.22694570990820104	0.5049377569258339
GGTTG	0.0042928470440360125	0.40476143782804747	0.20103170905538206	0.4860612786313046
GTTGC	0.0006327020411771842	0.30119964234160473	-0.38001856380779103	1.2637839238110835
TTGCA	-0.004348878188219126	0.2829151945255634	-0.11044343091172144	0.3750047886308062
GCAAT	0.000427497927199508	0.2837271139434608	0.3008904584201848	1.0589857145371715
CAATT	-0.005720140355500428	0.21338999031627118	0.183414270603572	0.8863321596235657
ACCCA	0.007202283088004548	0.41511377727073273	-0.6827303548762369	1.6620326179014646
ACTTC	0.0007383633696358647	0.23046127504761899	-0.24106550688039358	1.0492169246224416
CTTCA	0.00021641258672165997	0.22926843719161205	-0.1425196162533834	0.6225716482762643
AATCG	0.003913914685115272	0.26759419510006327	0.4188970176805124	1.550792620296639
ATCGC	0.0038132608682195906	0.36902120940936395	0.2625999797024953	0.7012787130812244
TCGCG	-0.0040076013217140724	0.5272391198691663	0.9079350984031331	1.7296567446496471
CGCGA	-0.006390058079295222	0.5300506434189668	0.9122429398865965	1.7331042031011719
GCGAA	0.0007632916350164992	0.4070932356206845	0.5580206166571758	1.3688690360391853
AATAT	-0.0032477246339361557	0.26980012799852104	0.34130181653482144	1.2770547728229629
ATTGC	-0.004016201184307601	0.31807840990252056	0.20296173615378169	0.6507135690269593
TGCTT	0.0034486442175171946	0.29191406429755967	-0.25167752860304166	0.8739769816657361
GCTTC	-0.0004964278777715807	0.25204479225929277	-0.2535490480528021	1.0039986063854116
AGGTA	0.006628146495201391	0.7025492947994053	-0.3091630232638018	0.44949325562865894
GGTAT	-0.0013743516643989159	0.48498167366524497	0.3339356474381817	0.6913869478169723
TATCG	0.0021808496118192995	0.36322326840487423	0.340511878693602	0.9314684892506807
ATCGT	0.002930835563028261	0.36374646195084537	-0.08677060192735393	0.24660428862811573
TCGTG	-0.003010620370204507	0.37122792771596397	0.1933373172653814	0.5289147797786828
AAGCT	-0.001525801519544147	0.222747258619092	-1.042224162974092	4.672104015583822
AGCTC	0.00023076063174856288	0.2717390392401538	-0.31589785729252967	1.1633537043784659
TCTTC	-0.0012608594742107764	0.21855270559879167	0.20803382847208335	0.9576394278573108
CTTCT	0.0003474003003481457	0.23109696902683266	0.11978445002226815	0.51682655218231
AGCTT	-0.000641132425719228	0.281440544216242	-0.5195779144227711	1.8438593609253826
GCTTG	-0.0024801460097931887	0.33684705068146675	-0.6112297874206036	1.8071989651661324
TGACG	8.000352836957379e-05	0.3295942515919999	0.5926075006859086	1.7977482747211881
GACGA	-0.00040457513664701614	0.27603559569502806	0.6558637423255442	2.3774771359098743
CGACT	-0.005297120053172302	0.3568554289005279	0.7006624065922716	1.9782787915557465
ACTCG	0.00028359728356777626	0.28714301751958293	0.35551004298350725	1.2371063338697181
CTCGT	0.0013439097428490454	0.3774815319586258	0.7276737449165696	1.9241466765408022
CAATA	-0.0025406955955716492	0.3089551174153404	-0.02006632084381175	0.05672547324950026
AATAA	-0.00429820227944389	0.2967448114082266	0.2407844796678416	0.8259038491160998
TCATG	-0.0032115969722872335	0.3049774784628604	0.10703747087116128	0.36149904707430536
CATGG	-0.00813955154409218	0.40256389883404586	-0.2402027682398919	0.5764630593253126
ATGGG	-0.0013973872736452878	0.3880845261156047	0.47510828568076097	1.227839918596657
TGGGA	0.001852332520399506	0.35677295372702367	0.45061245381049037	1.257831112482391
GGGAT	0.0010346353092045514	0.4464642131777349	0.5115132772916361	1.1433808733494455
GGATA	0.0015966863870196604	0.32043685722077203	0.19835539203200586	0.6140326907195478
GATAC	9.771792977956597e-06	0.3509444142363676	0.017487481865964015	0.04980193262518918
TACCC	0.004113088739638364	0.4750058029809564	-0.20152230007583202	0.4329113192406927
CCCGA	0.007958547072506919	0.48888967114992	0.622588675763926	1.2571959788918108
ATGCC	-0.0053361999332226335	0.3923326170960474	0.08481286048721227	0.22977712403240086
TGCCA	-0.003167639415808517	0.2947907711752552	-0.16127939632815544	0.5363524654520082
GCCAT	-0.005033704400999003	0.38881121315396533	0.15206929889364748	0.4040598572768921
ATTAT	-0.0011877240748452043	0.30534851050698103	0.6572844170251718	2.1564609567170714
TATGT	-0.004256618005536203	0.44651588454953883	0.44439908143309936	1.004792248077032
CGCTC	0.000688077920885712	0.4657253256344079	-0.2171847008909693	0.4678138954867232
CAGAG	-0.0003239021558060709	0.34190792869349773	-0.181927834967694	0.5311486443319253
TGTGT	0.00476031462931943	0.3998112524700707	0.5786274731501734	1.4353451909506043
TGCAT	-0.005637528594373686	0.35584210467984273	0.043233756735812805	0.13733980517610986
GCATT	-0.0022378124320958947	0.34155184941034683	-0.1370523563701771	0.3947117960884248
ATGCT	0.008181555701760723	0.4219685769641362	-0.5396152143942015	1.2981932778907381
TGCTA	-0.0005530428732095759	0.38668268783270543	-1.0112338269838224	2.613721317019173
GCTAA	-0.00022420727100763116	0.3957503830196415	-1.6811318006507598	4.247393472001585
CTAAC	-5.806989382506947e-05	0.4748639931345067	0.03533548319888838	0.07453408471568009
TAACT	-0.0009911800776694422	0.3730324570755574	-0.645381775701558	1.7274384129351186
CTTCG	0.0002959837999221165	0.31241978954144634	0.05109587450878338	0.1626013857298308
TTCGG	-0.004772500701185467	0.35683237476338425	0.6722212985688512	1.8972319978503958
TCGGC	-0.0016189600265754576	0.48556877807680493	1.3558903300513412	2.7957095912439254
CGGCA	-0.014140722846391772	0.5160692265936474	1.2001585831213955	2.352977552997799
CACCG	0.00039849026175748417	0.3731047405603715	0.5075741757567335	1.3593386262882676
ATCGA	0.00029938795787218047	0.24205515672800834	0.5621094443679278	2.3210001555197115
GACTT	-0.00031773327539396344	0.2967268183317167	-0.01828063247689128	0.06053682408111909
TGGCC	0.000318683420495201	0.4943576626250092	0.8374618904546816	1.6933958352926233
GGCCC	0.010461710846764545	0.8939108588583883	0.30881453468531744	0.33376127035706743
GCCCT	0.00997417818814773	0.6372609944584379	0.4629443770226614	0.7108079778513047
CCCTG	-0.0019111649529094223	0.5373104974645972	-0.2348996797683217	0.4336198825722061
CTGGT	0.001558798655086202	0.3700136193916528	-0.5345831372978177	1.448978923625531
GTTCG	-0.0029204989903282292	0.35170308270902834	-0.01745996559245894	0.04134017390504231
TTCGA	-0.00046139040458651907	0.24703450480421352	0.2600861351199673	1.054700944433046
TCGAG	0.0021577121144349468	0.27201126506144585	0.2797130102916595	1.0203816305715367
CGAGA	0.005854043215289934	0.28643891574543306	0.35261364562260916	1.210588308173513
AGACG	-0.00376338216395454	0.3243180047559223	0.5319717448851439	1.651882162546868
ACGAG	0.00444057515220999	0.30454360531538993	0.3568360495482608	1.157126494352442
CGAGG	0.0019787890610641757	0.3883633339636207	0.4123470992071773	1.0566607973979174
GAGGA	-0.0008436350687372288	0.2615775728707782	0.03663160485504277	0.1432662575483607
TCTGG	0.0012680355479393387	0.29941892950157856	-0.0756958291898555	0.25704408490776154
TGGTC	-0.004566423960979656	0.3973107094299823	0.07786009984544531	0.2074611175839722
GTCAG	0.005035606322454603	0.40116154206259724	0.0844029457122173	0.19784383862343968
GAGCT	-0.0019855523814175254	0.2819499154374093	-0.10783221745518358	0.3754094584832858
GCTAT	-0.0008582180981184978	0.40228094099009387	-0.2548084938254008	0.6312759314479574
CTATT	0.00031269654381273654	0.32507760572757954	0.39960567907175226	1.2283004903836832
TTGCG	-0.008836762030509234	0.4328654540020883	0.7145031674055684	1.671050259955806
TAAAG	0.00039281709444277825	0.3748942524878404	0.006092839623042581	0.015204347601420433
AAAGT	-0.0006502464432454187	0.24661805005851387	-0.13392422192502154	0.5404064116562225
CACTA	0.0038853540683073625	0.4149808179358053	0.33883130183687704	0.8071359766329814
AGAGG	0.003132191033624622	0.3638992533095152	0.14894319790692806	0.400690591000701
GCTCG	0.002137323639059511	0.36903105321601215	0.3453404107104313	0.9300114016976182
TGATA	-0.0011161179660255979	0.2645514816221271	-0.4987967070035712	1.8812239719315167
GATAA	0.002559650085551282	0.3132038635992728	-0.25917488743212513	0.8356682912843993
TGCCT	-0.005774062720682049	0.4053089920003637	0.18894554814822354	0.480422627457352
TACTA	-0.0011574268889146162	0.6003582633768851	-0.4901890179393643	0.8145662696466489
ACTAA	-0.004391254786168398	0.4056801675646353	-0.6622727733994436	1.6216753275434832
TAATC	-0.0028783037737201466	0.4343048264322222	0.5303723045429521	1.227825655766438
GCATC	-0.0009601744427602165	0.3177840387300766	0.1789820242883113	0.5662405180894347
CATCT	0.001586951070553469	0.290903979010708	-0.011609969611657323	0.045365212009441165
AAACG	-0.0019047228261128359	0.3060203789828708	0.3814598365170832	1.2527419272448337
TTACG	-0.004563025601126711	0.4558744125453047	0.4876226570836151	1.0796519153963888
TACGA	0.0003495781753047681	0.3726293454597196	0.4447498034576509	1.1926066229005166
GAGTC	0.006506013983692163	0.3497767624536815	-0.1577371232814974	0.46956560553944493
AGTCT	0.006248453583631988	0.32114111597727607	-0.3288300567198784	1.043399594859789
TCTGT	0.005805602552613156	0.3241415963823278	0.10587447601504221	0.308719629258557
TGTGG	0.0009083959712757919	0.3549160591303686	0.48094974581984107	1.3525489689725068
GATGG	-5.223413226684224e-05	0.27115769622007385	-0.4432169158930466	1.6343429964868252
ATGGT	-0.0046648529461818765	0.34123903452715854	-0.0818425184305018	0.22616892464035357
GGTGT	-0.004408082673536208	0.48629507740024885	0.7007388346928849	1.4500391843079352
GTGTA	-0.004656982097969386	0.5032369939769339	0.6326223627909027	1.2663602885245795
TGTAG	0.0013665989417514562	0.4386784840545575	-0.4480076533532936	1.0243817935669655
TAGAA	0.0019946889740238894	0.3468167054358772	-0.293732982694196	0.8526915429190501
AGTCC	-0.011305845717929931	0.4838236961986596	-0.42246258737836784	0.8498069542497472
GTCCC	-0.0004814030380201379	0.5195043072401228	-0.03208279676863445	0.0608298974430017
TCCCA	0.004981463952788177	0.3430768222284688	-0.261641535365285	0.7771524686110043
CCAAA	-0.0025060734577108264	0.24279576879614206	-0.6033546217293491	2.47470765759566
AAGCG	0.002841973921308813	0.4197224718671134	0.6831425849461974	1.6208343765789022
AGCGA	-0.0014224109026932429	0.45735327364931255	0.7359248662647361	1.612205093196314
GATAG	-0.0027508493878289275	0.44396877094914816	0.5052813235801218	1.14429709072069
ATAGT	-0.003292034283692097	0.4065338160085023	0.11533480526410828	0.2918006691608636
TAGTT	-0.004827982695348255	0.3773993736923936	-0.7923548460507349	2.0867201120404486
CCATC	0.0027091758917642973	0.28330683973044785	-0.10355422668465673	0.37508237597625704
AGATA	-0.000302995276253674	0.3273089525061919	-0.18708642693212527	0.5706639865047324
TTCAC	-0.0016590520410599563	0.2966693528304308	0.1573580201598148	0.5360077496503832
TCACA	-0.003847892217759036	0.3164704651500319	0.32723860433512064	1.0461845038080209
AACCT	-0.0047818736844682025	0.38345160549221796	-0.8673586144221727	2.2495061394526097
GGTGA	-0.0010511234427696956	0.3902747975438778	0.3401787055946526	0.8743322171579847
CTAAG	0.003214662778454362	0.5333822479463137	-2.5181575893847064	4.7271394236895246
TAAGA	-0.007723364432557476	0.3183553558092046	-1.726320574417015	5.398361229438339
ATAAG	0.002508310785818336	0.3767938151508083	-0.2756591654074498	0.7382485195037878
GACAA	-0.006432213225929275	0.24647973297419548	-0.1413324465135631	0.5473076088643639
CAAAA	-0.004082842339780901	0.19410530729483372	-0.016865695063152553	0.0658552458019878
CCGTC	0.00045345004369280967	0.3982029882989024	0.7115955369029954	1.785878327777639
CGTCG	0.010602351396050163	0.4557843408285657	1.134443628211813	2.465730338108464
GTCGT	0.004240623498641701	0.5247504259043477	0.8202304984524558	1.555005645869745
TCGTC	0.004782678822031828	0.3739066695121189	0.773597199021249	2.056166907111826
CGTCA	0.0009759737388539218	0.3451592278170335	0.7708052814396135	2.23035991988266
ATCCC	0.0019351029006624571	0.426837904900182	-0.15715992981875185	0.37272939186743365
CCCTT	0.00012201945462785652	0.5220561811085535	-0.2890554498152269	0.5539202096138477
CCTTC	0.007224119761630548	0.35037525006393755	-0.3684177922944496	1.0721131472258154
TCGAC	-0.0002965974706405304	0.3030224659970091	0.7485524745924855	2.4712658502043783
CGACC	0.006146434028772142	0.43400829245313843	0.12786347978809978	0.28044866394452567
CCTCT	0.003097307544988995	0.4263940128099912	0.461533428214954	1.0751467114859616
AGGAC	-0.009604021397636003	0.4277246441933551	-0.22945245773764888	0.5139952521431739
GGACC	-0.005501699381705971	0.5112412057594309	-0.19554102154660788	0.37172144972666116
CATCG	-0.002873714226266988	0.3136832848505371	0.6083748165442253	1.9486168383557265
TAATT	-0.002108079016235153	0.34672999230723645	0.5884752591065202	1.7032946420148192
GCTGC	0.002672481248309622	0.3102861730396981	-0.26424587697954727	0.8602328476741607
TGCAG	0.00021061344083972774	0.3238065214682586	0.22524656522012526	0.6949704124515135
GCAGA	0.0026866482596487255	0.2952180686816597	0.14797201305645985	0.4921289724765309
TCCGT	0.002624821603191101	0.3701405323588798	0.43360041544051714	1.1643566595929082
GCTGG	-0.0018481814105052593	0.35190518043643076	-0.16811914180861823	0.47248795880726924
CCCCT	0.0012422243945183955	0.7082623104861542	1.1136101247946475	1.5705592178646286
CTGGG	0.0004414298704560988	0.4836166055245308	0.2625999797024953	0.5420792976033194
GGGCA	0.009851054293576916	0.5613504967939559	1.2206446632611168	2.1569297896461332
GGCAC	-0.004410871016971055	0.5329819224650795	1.3533777297758496	2.5475321836676024
AAATA	-0.003170883052347293	0.27302602812210597	-0.2500542901076482	0.9042486123150381
CTGTC	-0.0011188886690554022	0.3764234439931266	-0.38875984976138533	1.029800261588936
TGTCA	0.001118608904483267	0.2908435714612122	-0.05135545257890329	0.18042022115102743
CTAGG	-0.004339149358277503	0.75673873753384	-0.42557251537911234	0.5566430593914165
TAGGG	0.007394703531753982	0.9110656602186276	0.1427112441954134	0.14852556360338248
AGGGC	0.01175165530079268	0.7291731635252642	0.28644672165686275	0.37672130585282093
GTCCG	-0.005970916799253038	0.5247446044927497	0.3731583548501938	0.7225024676831816
CTGAC	-0.0022037434739533074	0.38413867572085264	-0.3207849429053258	0.8293390370900333
CACAC	-0.0029200647816541862	0.4174270137355689	0.673963158171802	1.6215606577447028
ACCGG	-0.003961595426865117	0.4871044570687233	0.7996734687791046	1.6498207982781579
CCGGC	-0.005312308047434488	0.5744674660449622	1.2119529954327284	2.1189455894877263
CGGCC	-0.007034401277573702	0.6788392553762718	1.5068367900821629	2.230087873336991
GGCCG	0.0031330582993977524	0.5251836697882182	0.7105552113507034	1.346999523683925
GCCGG	0.00530115340964888	0.5784558766833356	1.1310530390110387	1.9461326800862646
CCGGG	-0.01318005025468644	0.7205241813315005	1.3453404107104316	1.885461301874179
CGGGT	-0.012717959867478378	0.7626512709930866	0.6730805059320407	0.8992294275029613
GGGTT	-0.003309010674440506	0.6111862640160317	-0.39162518345577474	0.6353483310141088
TGGCT	-0.0017142230076421048	0.31448046560906245	0.32708870615420865	1.0455432534578886
GGCTT	-0.0015923273955690868	0.41505852250559694	0.10805212932041224	0.26416625793897003
TTCTT	-0.0009767634109429603	0.24828066275351657	0.3846867552097051	1.5533369145365938
CTTCC	0.0012661176872702307	0.26736931294806077	-0.35775031781775213	1.3427735275467645
CGTTC	-0.0032993450813557064	0.3757842879997001	0.24261822003659989	0.6544115147202532
ATCTG	0.0006866954514695336	0.26315213090402256	-0.5276707029978486	2.007802090122621
CTGCG	0.007567160329804965	0.49967526579560273	-0.04824866930437737	0.11170420762234481
GCGGG	0.0059830644080547885	0.8924673693637731	0.9761066010447124	1.0870128925029992
CGGGG	-0.0016555537242490845	0.7855455162966377	0.9454098038217958	1.2056148725930913
GGGGC	-0.008946525090276734	1.3456170580391604	1.7527647258794	1.3092218476606194
GGGCC	0.007160153402922975	0.9126603636880641	-0.538466571785046	0.5978420307233342
GGCCA	0.00029203073661758267	0.47341259689909526	0.6260768182776841	1.3218591808499098
CACCT	0.007399236069621167	0.38833352342449595	-0.04671377056757315	0.1393467299964268
CAGGT	0.009715400458756884	0.514445353668155	-0.21944420807309423	0.44544985565108514
AGGTT	0.007969092822342955	0.391841207835987	-0.8216130242005902	2.1171385255890987
GTCTC	0.0011695542132525013	0.36782765972015125	0.2780344818406629	0.7527028495846488
TCACC	0.0012185062363974034	0.2969861480424178	0.09800163224375254	0.32588431024578235
CCGAC	0.0007815335291873427	0.4243845791799793	0.6458495219628881	1.5200080777679033
GAGGG	0.003633088613129707	0.7284836975550869	0.6083748165442253	0.8301376269101285
GGGCT	-0.003943229797426611	0.6578775176247068	0.8418649467640037	1.2856620782775108
GCTTT	0.0056393185468779986	0.3360025637945347	0.37924081732872217	1.111900738383357
CTTTT	0.0061415374642908045	0.3049951022145138	0.8334413721789985	2.712502032681294
TGAGT	-0.005478489994184129	0.3763721076611774	-0.16606548304064356	0.4266708126815421
TCGAT	0.001489971946117424	0.25867440466701536	0.3502702984883744	1.3483372156253053
TCTAT	-0.001081240319053606	0.35218385835084975	0.012399323100651295	0.038277062108495054
CCAGC	0.001170489423015455	0.3331851676825229	-0.8693984380825813	2.6128681944663357
CAGCC	0.000892539638893416	0.3936327378420028	-0.18170211408154327	0.46387059857233454
GCCAG	0.001449490624853074	0.35563170434823455	-0.2496061785833469	0.7059428789351309
TACTC	-0.0027600004791093653	0.3475462236409468	0.4009949660628019	1.1617302651489438
TCGCC	0.007705660265040265	0.39147676534642056	0.6083748165442251	1.534367322534834
CGCCA	0.004148957421176756	0.37098672200401306	0.2744740799907867	0.7286652231361687
GCTCC	0.0006131509871475637	0.3634678987212136	0.4019239390767988	1.1041161805528907
CCCAG	0.004529552122640693	0.3693582711947985	-0.8748341853761981	2.3807879938745566
GGGTC	0.009980167588096325	0.752054025073022	0.05817773398374582	0.06408790431108945
TCACG	-0.006008481489377309	0.39087736967551756	0.5138572177599353	1.3299969237944709
GTCCT	-0.0006983021402450975	0.5428318729965621	0.24272534422754485	0.4484328545854042
GCGGC	0.0010104281655047246	0.5438029683508334	1.652768935902679	3.0374209113760213
CGGCT	5.631357635045111e-06	0.46074888241017165	0.871409222378019	1.8912766243991361
CAAGC	0.0014455903757263167	0.2839253393790785	-0.6140176047922228	2.167693790606773
CAGCG	0.0035750483565360307	0.48489699213775145	0.06648103771495498	0.1297306239848738
GCGAG	-0.00451002408449494	0.4943851469897934	1.4314970544601462	2.9046323241872947
AGTAG	0.0032689843716692344	0.4960453560462934	-0.1230312522800804	0.25461429103665
CGAGC	-0.0032822204506807373	0.35954156363027623	0.32373395452105636	0.9095364988399904
CTGGC	0.0031959271881666883	0.41993268538537054	0.37596363938278654	0.8876844436448961
GGCAA	0.0008609662776533062	0.34794596730174343	0.6919395331833564	1.9861663357241628
AACAT	0.0022958176689887046	0.24939440690378303	-0.42520778398015585	1.7141667568113366
AACGG	-0.0030322366820018523	0.4050262590521773	0.3316485456408114	0.8263187258673472
CGGTG	-0.004366847782246046	0.4981067428688022	1.337977022296945	2.694891987103164
GGCTG	-0.0005778670126427389	0.3792423664912386	-0.3743471920239392	0.9855684861093477
AGCCC	0.0019650130413681683	0.469178005927919	-0.06041927498040167	0.13296507345519964
GGTCC	-0.0017937551866925628	0.5555688716369404	-0.2583586525923106	0.4618057463328887
GTCCA	-0.002780702606194795	0.3993486071958136	-0.2774541635364636	0.6878037283239792
GAACG	0.0012415912498337015	0.3772814581848456	0.871409222378019	2.3064150443933418
ACGGA	0.0014361609786543096	0.33973876604300407	-0.15715992981875185	0.4668177630848612
GGACT	0.003926342615545221	0.3729438229938073	0.029590890752193195	0.06881612337918822
GTGAG	0.008389221210384469	0.472390781374187	-0.1843333295489774	0.40797271741571894
CACAG	-0.004386355972438798	0.3628407267320765	0.5565358850246075	1.545918635013743
GCATG	0.00013757114682459208	0.44990394621357715	-0.07698958113476884	0.17143026401679937
TGTAA	-0.0034698400902483727	0.41019430112455746	0.0024729781307059884	0.014487812738163313
GTAAA	-0.0017322089055275922	0.3955792543903538	-0.26609430137191575	0.6682910934594113
GCCAA	-0.0016183155226624582	0.28088761438906706	-0.4531395726684791	1.6074801237779002
GTGGC	-0.0036863359173091035	0.4722339685416778	1.6533622713175353	3.5089568256854418
CACGA	-0.0028383009759764223	0.3683649676157214	0.6052954236122535	1.650899998782282
ACCTA	-0.0007174850845552945	0.4891341073399902	-0.33273149440220623	0.6787791003232427
TGGGG	-0.002858997679827244	0.6183821646346545	0.37620137441519197	0.6129872330955265
GGGGA	0.0004339715069338884	0.5495468006197878	0.6541785061573498	1.1896066611853846
GGGAC	0.0019801035628481713	0.6526376332336749	0.8241035075996622	1.2596935300273366
GGACA	-0.0009936594212006258	0.3186147371211088	0.18516338581968128	0.584270040120968
GACAG	0.005005845435448738	0.39352342210324376	0.3046822931059292	0.7615212483892716
ACAGA	0.0020263144662653965	0.32027577039948846	0.060760474595372996	0.1833862113760492
ACACT	0.00718907034249817	0.32736711424083426	0.08027465277874568	0.22325267034147056
TGAGG	0.0001377520803838242	0.37955234920190367	-0.6111522710978335	1.6105552355652535
GAGGC	0.002781461136834873	0.424178923874687	0.007470771954047487	0.011055030208426747
GGGAG	0.00015566608271076125	0.45104810051404093	0.3025663870201397	0.6704622424809769
GGCAT	-0.002784744652953624	0.5075459895893728	0.5895157892929094	1.1669888957748644
TCGGT	0.0019878487302764578	0.4615255079649165	0.5924332726752036	1.2793343244417397
TTGGT	-0.002714164941298681	0.3681289268975894	-0.004932309870892551	0.006025456755836361
GGTCG	0.011282992939191737	0.5305727964282607	0.24473646977202568	0.440002726118657
GTCGA	0.006916813472589006	0.31057494247946577	0.5194545602382447	1.6502868604718266
CTCCG	0.0036763659955355078	0.4268232661079768	0.8945457211759538	2.0872089830151106
AAAAA	0.0006220630714988984	0.2559611197244773	-0.006802297223938876	0.029005812693074378
AAAAG	-0.0022296378271246297	0.22712994604431766	-0.15506298898317195	0.6728894794270168
GCAAA	0.0010097077664431243	0.2558275178899828	0.06644089315729314	0.25576289028840254
AGTGC	-0.0038066836461653265	0.39160696061229977	-0.5427263106064318	1.3761747904522306
GCTAC	0.0032630917149511973	0.3832858653788909	-0.08430150147718421	0.2284576633306706
TACGT	0.011136519591634806	0.5304750758709499	0.08642211334886947	0.1419210763740945
CGGAT	0.0007331732395288186	0.3453512761669921	0.44837893234564447	1.296204155011316
GGATT	0.0021668148953963577	0.2586636752886867	0.10839740590467618	0.4106900239885599
CTATG	0.00288162504286344	0.3727772272712912	-0.017810346903443814	0.055507607312204534
GGATC	0.00047881930524337264	0.28159653563117915	-0.25550289010420063	0.9090371400900892
CAGGG	0.007476877023264447	0.6707299981437449	-0.0046020603465277195	0.018008643423167003
AGGGG	-0.0044825787839973845	0.9010970331323008	1.1489431979069278	1.280023942240166
CCGCA	0.006630104408440573	0.4189718296068783	0.7603779099892752	1.7990417310110731
GTATG	-0.0014597049159016543	0.458528734889784	0.320294492140536	0.7017099967219662
GTCTA	0.0029023597177900125	0.4346589788455028	-0.22750580369466816	0.5300895060869214
ATACG	0.003573575576271204	0.4511208137386055	0.2514402718289499	0.5494463760129253
GACGC	-0.000919392684170822	0.4489231598134658	0.32207063138758446	0.7194773025431844
CGCTT	-0.00033537151357025473	0.42043208698489537	0.2800489504587125	0.6668956310709843
AAGGA	0.0003689945141845164	0.22177125255520433	-0.9444371605732247	4.260273341118563
ACTTT	0.004827717934886458	0.2711383311922381	0.04424581924023484	0.14538003952455103
CTTTG	0.002981019285341397	0.31388536447564686	-0.06630649936763808	0.22074147601219304
ACGGC	0.001653721368874962	0.5863239548671727	0.9142647013398163	1.5564961526732888
TGACC	0.0017050482632569904	0.42220458327497246	-0.2660943013719159	0.6342881158652918
GACCC	0.012679062596767082	0.5016420713529128	-0.6904696652300958	1.4016940922249463
GCCTG	-0.0020748600062684168	0.5625998290540354	-0.19406461509926234	0.34125455639723296
TCGCT	0.005069727085928151	0.4208572178642134	-0.36665826793919976	0.8832639176573737
GATTG	-0.003901939536009995	0.2632167466120075	-0.3086454644991877	1.1577664752933918
ATTGT	-0.0017963416029148954	0.24550842932494277	0.02036221946311886	0.09025580558256835
TTGTA	0.0016358793614437408	0.34344623776224176	0.15132979074380615	0.43585835255528793
GTACT	-0.00012558805560046628	0.39647473603902994	-0.0238933989552878	0.059947857301423546
ACTAG	0.0002314376575796656	0.5025031275802204	-0.5615501848980873	1.1179664199522485
TAGCC	-0.005290599965332941	0.6439013513537712	0.35380198945862756	0.5576826149983779
CCCAC	-0.0017846502530882897	0.4431778734905604	-0.13295597018338295	0.295978946099367
CAGAC	-0.0020750092347612235	0.3589587728249748	0.286446721656863	0.8037740061929199
CTTGT	-0.003953298674483088	0.3029971733961459	-0.43948482223436636	1.4374111767387967
GGAGG	0.000944561322511119	0.37958508817225706	0.22901304886937782	0.600836267423046
CTTGG	0.0026908031501525365	0.360079201357924	0.18762366607098763	0.5135894053958676
TTGGG	0.0016096995657514386	0.4826344277882129	0.41769125493511566	0.8621050041460094
CGTAC	0.00310837816959755	0.503792602280742	0.5328237835370484	1.0514553071429644
CTTAC	-0.0005770245952714596	0.47579349521918374	-0.20134712005729502	0.4219689791461626
ACAAT	-0.005788188704881722	0.2442745431013764	0.19459896582929284	0.8203358073665984
AGCGG	0.0024083516792456974	0.48304405164326486	0.692908326755893	1.4294761993810694
ACCTT	0.008516946861024768	0.42578954931798974	-1.0125669812824976	2.398095326151259
CCTTG	0.004666178544293534	0.36931655289117166	-0.918170997951609	2.498770145208843
ACCGC	0.008253966764021514	0.4448573062554702	0.6134998487220926	1.3605393762162776
CCGCT	-0.0014823615007915302	0.42487563442221254	-0.09306434399283976	0.21555009295035327
GTGCC	-0.0013732254240556852	0.4664781323499521	0.1933373172653814	0.41740550989722525
CTACC	0.0015934148008487584	0.36458845454758976	-0.619035679558847	1.702273033110227
TGCGC	-0.005899742249961614	0.6187151866737879	0.3377272266005564	0.5553879656613185
GCGCT	0.0010665418550243994	0.6140999122609276	0.2028600913838882	0.32860051841714455
TGTCG	0.004274694289977641	0.34757020375044856	0.1850379940468944	0.5200770889057645
CTCGG	0.001676720727203551	0.41756140746287973	0.4951642060962343	1.181832124686716
CGTGT	2.9291376102705184e-05	0.41742566356692334	0.46375125346477275	1.1109090852875276
GTGTC	0.006083517111664532	0.396652975216151	0.5625711269311006	1.4029583655995146
CATAC	-0.009652334351808251	0.48355902446958376	0.35281553127257803	0.7495834991849806
ATACT	0.004105008482602844	0.34878590441191776	-0.18698257241378602	0.5478649752735235
TACTT	0.0006940208756877718	0.3447753941802437	0.09131638032487256	0.26284462574440187
ATGTC	0.0008815077429795469	0.33202090931039613	0.06294068000970646	0.18691344588996864
GAGGT	0.005580612650898628	0.4206160110473474	0.2051466195550148	0.47446127028590845
ATACA	-0.00689532030746976	0.34188719680182916	0.1088038070537139	0.33841316212916644
GTGTG	0.004198082261926701	0.45342324169935244	0.47191257399495357	1.0315185652594985
AAGTA	-3.688869420221192e-05	0.29680522056457526	-0.6858082878602326	2.310509895552287
TGGGT	-8.941610724653676e-06	0.5324134356724796	0.1933373172653814	0.3631506004950733
GGTTA	0.005984797917991011	0.48872874688207674	-0.24809787207806988	0.5198848474067096
GCTTA	0.00012716457641430567	0.49924699866476174	-0.31219071596136977	0.6255778830380144
TTCGC	0.00599730647420892	0.4112831018444313	0.45083353955774513	1.0815815944993443
AGCCG	-0.0003244328985630547	0.3740733906814211	0.4283760930888038	1.14603320275317
AGCGT	-0.002959373734653845	0.5689354541594227	0.3985276485268908	0.7056811441901158
GCGTT	-0.0019591288618202632	0.489488970292701	1.0897146861912241	2.2302316932703374
TCTTT	-0.000471847404853989	0.2950221861969949	0.4643284469275184	1.5754757305676386
AACGC	-6.918951954760466e-05	0.42244012804740116	0.019507861367153028	0.046342782294829556
CGTTG	-0.0023847764708749618	0.3340392487224929	0.340894505679239	1.0276615202044637
ACTGG	0.0006019694239580226	0.3232513507487881	-0.5147357257781383	1.5942321478575552
ACGCA	0.0023884932250972314	0.524275044092656	0.6083748165442253	1.1558557481367187
CGCAA	0.005389288776842397	0.41148487844580534	0.4124546065689683	0.9892594822187093
GCGCC	0.0031340516007894986	0.7224941389487513	0.35057705907657843	0.4808938768435243
CGCTA	0.012135509498981843	0.5508617171366057	-0.5880223962592782	1.089489225858528
GTGAC	-0.002442898113726816	0.39817433863321827	0.5303723045429519	1.3381455080345748
GCCTT	-0.0030888091401144596	0.4781329956282584	0.21536362359538017	0.45688633650654453
CCTTA	-0.002986147409215383	0.7423370263605529	0.2744740799907867	0.3737658469769494
TTACT	0.0006068223984030651	0.3564210151306636	-0.1617576415571803	0.45554121968947514
CTCTA	0.004335876403838772	0.38049200782254505	0.43083663099203784	1.120919088495314
CCTGT	0.004071620283741991	0.43244656181990837	0.42599807405565643	0.9756730450030148
CCGCG	0.007009591085111021	0.6019336208960602	0.6083748165442253	0.9990557174126613
CGTAA	-0.01141340494692277	0.6239547823042741	-0.09944443196246441	0.14108558746908192
CGGTA	-0.005134628192164653	0.5719108452120495	0.9498832804011038	1.6698720029328575
GCACA	-0.00043037723331181417	0.3994249154011312	0.674870228331132	1.690682227187201
AAGGG	0.0029188890340606476	0.4376722030598923	-0.13295597018338295	0.3104489119197047
AGGGA	-0.001281920567988756	0.4648105953787825	-0.13910864953598012	0.2965223476794325
GGGAA	0.0015370351657625863	0.3500643082052946	0.25175400349070315	0.7147742927799462
TTGTG	-0.004980610571160657	0.3009278922144303	0.3859823952077772	1.2991916531962808
GCCGT	0.002616591875506073	0.4923658430065901	0.7782998179865378	1.5754204665668685
CGAAC	0.0043665467531151855	0.3368487010505042	0.4555233284608542	1.3393454696448315
CTTTC	0.0013264045659742492	0.33511757159733496	0.010745903986908252	0.028108043920335307
ACGCG	-0.0014997279267893598	0.6272751222527265	0.8076836247676319	1.2899975210054713
CGCGT	-0.0009232391533859766	0.6609949578575789	1.0707180306014257	1.621254832606019
GCGTA	-0.0028381745441011397	0.7952807149789017	0.7416413474076894	0.936121683739736
CCACG	0.004941985310461891	0.4117603798425887	0.9578239741954925	2.314166285860982
CGCGC	-0.0008191494882500631	0.8164057904552413	-0.09944443196246441	0.12080424174750068
TTTTC	0.0012802890367610593	0.2810751536704277	0.8953691213222003	3.1809600407932024
ACATA	0.00047562829645608296	0.5085785038332616	0.21446060883113569	0.4207511306943381
TAAAC	-0.0023954483266406964	0.4369721048168599	-0.7461579437750648	1.702082323447497
TCCTA	-0.006573803631870084	0.43036549863477896	-0.0030598955381221458	0.008164939115460892
CCTAT	0.0018067615324179013	0.45604804365427376	0.6353418641444946	1.3891850023861836
TGTCC	0.004735436089467082	0.4351727112021141	0.05037936342333851	0.10488692456791551
CGCAC	-0.004595258700522925	0.6614644576538307	0.6176526301322359	0.9407125078796065
TGGTA	0.005622351738655681	0.44682364084650594	-0.410990508322706	0.932387684931106
CCTAA	-0.00032662200060863786	0.6163003460616299	0.1933373172653814	0.3142362981029767
CGTCC	-0.00367757863404038	0.5325042280458743	0.41335883413908253	0.7831607540535734
GGTCT	-0.005029009706876553	0.5083094446165032	-0.44137821865287424	0.8584322277844035
CACGG	-0.0009255322362822807	0.5292325356843988	0.19809084723601625	0.3760471362837365
TCCCC	-0.0041936128174457285	0.5478201416245357	0.9435590081338545	1.7300434009979677
GACCG	0.0004563847456959827	0.4629818443598692	0.5598762988530352	1.208297735477744
TCGGG	-0.003657683356245664	0.5797062628040464	1.0540625286632535	1.8245795843282653
GCCCG	0.003908354624157626	0.6103234067224237	0.6363891927138217	1.0363044102899983
CCCGC	-0.004692847783556412	0.5677363156580336	0.08580885296093643	0.15940798262939554
CCGTA	0.0055209871946226815	0.5490403643084927	0.624494481907502	1.1273733862763737
GTAAT	-0.00962120666518411	0.4492080041194866	0.059481570530591096	0.15383247084215865
AATTA	-0.0035855774188178575	0.2936199120529182	0.13079585119666834	0.4576713741105782
GTCAT	-0.0009762951632895223	0.35784020312264675	0.4971180654424844	1.3919463387825548
GCGTC	0.006706304516365353	0.5488140898580625	0.8499294949675676	1.5364459587203414
AAAGG	-0.0001935982962666019	0.33872221368514627	-0.591439756817013	1.7455192917176954
AAGGC	0.0026495669752654516	0.3299440115323547	-0.5140218148155015	1.5659365338719036
AGGCC	0.013853486081757654	0.5209309116832722	-0.012337709126132823	0.05027767525497664
CGGGA	0.0021910672245977277	0.5713242894139414	0.8837400242887384	1.5429922609599263
GTAAG	0.002432424737609703	0.6816487374832793	-0.7724469673967057	1.1367722839115846
TAAGG	0.006002777863713312	0.4480935353408976	-1.1618669324962794	2.6063078760364364
CTGAG	0.0031028338448129316	0.3390384733729649	-0.8066626827346186	2.388417776081228
ATTAA	-0.005187462032503885	0.3257630186474938	0.05985431179112917	0.199659783647862
CGCGG	0.0020671528555217217	0.6690730669469608	0.6180249865779444	0.920613702974314
CTATA	0.005152789192593416	0.49454923464076017	0.18551781280608215	0.36470589979682333
GATCG	0.0018355384071091644	0.3239837196044941	0.19119204543382456	0.5844630318396059
CCCGT	0.0013319359972752659	0.6237189473781024	0.871409222378019	1.3949829326786467
ATCGG	-0.001478123981427954	0.3567610842670928	0.7124832198849637	2.0012310068322288
CGGCG	0.015677255888440936	0.6134762100148693	1.840820902544596	2.975084635493718
GGCTA	0.0018143605991174292	0.4638677177492101	-0.04671377056757315	0.10461631475921611
TATAC	0.0032924497397195996	0.5278475428584591	-0.012566981282497508	0.03004547664716471
CCCCG	-0.0055770031900487845	0.6490098647655733	1.392646125488788	2.154394262071632
AGGCA	0.00014163107048265858	0.4589053925541588	-0.061476581763443824	0.13427214810219182
AGGTC	0.005325733927385545	0.42278387960356606	-0.7915557903444104	1.8848436818807093
TATTA	0.005600763977912117	0.4100383578746969	0.8621314087900082	2.088903704647657
GCGCG	-0.012722072607933392	1.1262426675177093	0.5688464523575878	0.5163794107066862
GGTAG	-0.0012979455331848786	0.5722955883589008	0.042395419190641936	0.07634754768793643
GTAGT	0.0035747724010487267	0.5606026451104155	-0.08677060192735377	0.16115759552045675
TAGTA	0.005562554199697045	0.5498069958285916	-0.04612861743000803	0.09401694052983708
TAGTC	0.0037152450001360447	0.5983136494980983	0.20155782407034972	0.3306669992171765
TAAGT	-0.00957270471776776	0.5715367844786576	-0.17863146012157657	0.29579680607613074
GGCCT	0.007348592411261043	0.6668760347472392	0.38598239520777744	0.5677723940702517
GTCGC	0.004452549196935183	0.5272305363943942	0.27772950455575396	0.5183253557878034
GCGGT	-0.015769725246505908	0.619007416234835	1.0678064351815224	1.7505059422695965
TTTCG	0.0023244450926441737	0.32139282919127665	0.9551063024321602	2.9645398739511664
GTATA	0.00083417101562013	0.4727463210890709	0.4821977104670805	1.0182279966611647
TTTAG	0.006621769592483992	0.49472795809522463	0.5068367900821629	1.0110910699601054
CTAGT	0.004593090361984057	0.5757686340915463	-0.5945652421260503	1.0406234327672133
TAGTG	-0.0020479905852035523	0.48017189609523725	-0.08464743003438382	0.17202056205471364
CTTAG	-0.004235549076669806	0.55439082747965	-1.7839426062345352	3.210202927145639
TAATA	0.0014517263059297797	0.40578437861553857	0.34631817763426154	0.849876115253506
TTAGC	0.0012843296813544877	0.5711982911454444	-0.0679279957153569	0.1211703999637629
CTAAA	-0.007613900906620942	0.3835990663619848	-0.8473046672319646	2.1889802138698795
TAGCG	-0.008301465122362265	0.6928313380926161	0.3731583548501938	0.550581070744758
TTAGG	0.0052607150790531	0.752239139724084	0.023412315823069085	0.02413009345761225
TAGGA	0.0004747895161678141	0.665307236459119	0.6976421546413125	1.047887843270112
GGGTA	-0.0012113550430887733	0.6443209796892349	0.04828698446209828	0.07682248609856039
TTAGT	-0.0008041573734321656	0.48847519814217377	-0.4196395596253715	0.8574343259287337
GGTAC	0.007791100506964941	0.5266495275684864	-0.17439446723510577	0.3459332216307343
GGGGT	-0.001580185294349603	0.8066651613577267	-0.04370188003546791	0.05221707439332299
GGGTG	-0.004374214151345697	0.7070806257877941	0.9868864397979549	1.401906116215371
GGTAA	0.0007934181631387088	0.7557068417164402	-0.1370523563701771	0.18240641333910132
CCCCC	-0.0035826978409413492	2.5547531914620545	2.2471085737063623	0.8809818807817048
TATAG	-0.007558557990621703	0.6216993918383474	0.8607619781785106	1.3966887334432372
AGGGT	0.01566240841604985	0.7366760582305544	-0.0161160483635685	0.04313762667399296
GGGGG	-0.0003838068494914785	1.2937063524791301	1.6083748165442253	1.2435268794273537
AGGCG	-0.0061585804512547535	0.5733761104279954	1.0497464636365317	1.8415574435070345
GTAGG	0.007947955472734051	0.9277065748139866	0.40674095537457483	0.4298697570207502
CCCTA	0.005968675444614427	0.7667590367376527	1.1489431979069278	1.490656735296337
GGCGT	-0.0062262601709774336	0.6574928047731107	1.678764144435623	2.5627510938132034
ATAGG	-0.0008202117564252574	0.7561173339468836	1.5906728148107663	2.104822829890304
CCTAG	-0.004969738188139224	0.7910601423013849	-0.07515151866052033	0.08871864061840529
TAGGC	-0.012514772241556766	0.8829771869196038	0.7912388736940357	0.9102767974556688
TAGGT	0.01444316060393286	0.8662993441524501	0.34534041071043153	0.3819664095789363
